0.697381	0.0892425	-0.0160889
0.674787	0.081098	0.00270058
0.705965	0.110392	-0.0161527
0.688975	0.0775285	0.00586361
0.703539	0.0841382	-0.00719246
0.696275	0.0738002	0.0096845
0.710207	0.07086	0.00455771
0.70612	0.0804887	0.000145444
0.70582	0.089514	0.00566511
0.69239	0.0884838	0.011338
0.693104	0.0882759	-0.00407746
0.700579	0.0903915	0.00829988
0.698949	0.0867357	-0.00251833
0.681175	0.0894779	-0.00886151
0.693857	0.113578	0.000169228
0.709857	0.0910378	0.00162742
0.707469	0.0800606	0.00508492
0.692756	0.0673755	0.00333057
0.67992	0.0941976	0.000484273
0.687448	0.065623	-0.00853736
0.702515	0.0740434	0.00417484
0.693362	0.107254	0.0138149
0.707697	0.0880629	-0.00448604
0.706736	0.0763199	0.0056291
0.690896	0.0920713	0.0136878
0.688206	0.0905038	0.00352117
0.698189	0.0980145	-0.00200322
0.689474	0.0908659	-0.00827786
0.700514	0.0911032	0.00437365
0.694575	0.0922273	0.00314394
0.680161	0.0960457	0.00408651
0.698723	0.0947221	0.0041104
0.677893	0.085456	0.00457584
0.69269	0.102494	0.00165753
0.694982	0.0766232	-0.00342871
0.686551	0.100046	-0.00620571
0.693526	0.0831442	-0.0109072
0.691238	0.0746419	-0.00659697
0.690608	0.0849121	0.00378079
0.692268	0.0719288	-0.0300544
0.685872	0.092456	0.00114258
0.702479	0.109924	0.00474991
0.680893	0.0865068	-0.0109365
0.695524	0.0820264	0.000651734
0.692983	0.0884123	-0.0123372
0.704099	0.0844531	-0.00812045
0.706008	0.0924808	-0.0177967
0.695985	0.0803008	0.0084405
0.699809	0.100625	0.00176591
0.682786	0.0830209	-0.000573001
0.68765	0.0887571	0.00919873
0.692977	0.0809528	0.0126983
0.679903	0.10422	-0.0116625
0.692765	0.0882023	0.00931627
0.69372	0.0717101	-0.00613198
0.692346	0.0896797	0.0142411
0.670699	0.071179	-0.0171924
0.693727	0.0835997	0.00902512
0.66911	0.0864462	-0.00233966
0.683517	0.0876587	0.00259031
0.678523	0.0916719	-0.00176636
0.707334	0.0890382	0.0164635
0.69548	0.081714	-0.00763833
0.694125	0.073221	0.0127469
0.708191	0.0878663	-0.00782537
0.702825	0.108582	0.010113
0.689729	0.0891313	0.011259
0.706289	0.0726212	0.000854727
0.681992	0.0918819	-0.015749
0.689982	0.0766496	0.000649357
0.690827	0.0724956	0.0123206
0.697175	0.0895211	0.0177359
0.694804	0.0931858	0.00392848
0.699838	0.100229	0.00974833
0.688359	0.0873371	0.00578291
0.677127	0.0886171	-0.00049239
0.698924	0.0924045	-0.00411884
0.692135	0.0859364	-0.0043017
0.703892	0.0896845	-0.0113721
0.685657	0.0951991	-0.00104702
0.685586	0.104894	0.00654523
0.691055	0.0883218	0.00319336
0.711878	0.0830284	0.00518341
0.701407	0.0962503	-0.00725686
0.689385	0.0921582	-0.0078416
0.701862	0.086556	-0.00296632
0.689261	0.0916219	0.00285186
0.686322	0.0834186	-0.0053151
0.702278	0.0831607	0.0023098
0.686358	0.0972561	0.00682363
0.689384	0.0803262	0.00515546
0.713696	0.0839312	0.00781471
0.699515	0.0948854	0.0107792
0.700174	0.0805093	-0.000281662
0.693752	0.0733024	-0.025162
0.691112	0.108225	0.00423794
0.684317	0.0896702	-0.00702492
0.679104	0.0703496	-0.00198133
0.682702	0.0887824	0.0160294
0.702814	0.0935422	0.00579779
0.692648	0.0823025	-0.0143377
0.68838	0.0796966	-0.00110834
0.70403	0.0830195	-0.0154492
0.688926	0.106109	0.00322746
0.704744	0.0938924	0.00989152
0.685093	0.0916333	-0.0017649
0.674661	0.0906211	0.00629573
0.689261	0.0805727	0.00724538
0.692431	0.115133	0.0121395
0.700175	0.0730641	0.00756672
0.702868	0.0993954	0.00625752
0.706001	0.0841179	-0.00311619
0.705977	0.100473	-0.0243692
0.706107	0.0811804	-0.0148933
0.690431	0.0909004	0.00946973
0.695103	0.0821915	0.0204062
0.699997	0.08957	-0.00794625
0.675883	0.0790072	0.0042347
0.679269	0.0903527	-0.00819893
0.689273	0.1063	0.000611156
0.683115	0.0900678	-0.000631334
0.693046	0.0791278	0.0160163
0.684749	0.0825963	-0.0154011
0.666692	0.0825805	0.000505271
0.693657	0.0656552	0.00502691
0.678954	0.0779234	-0.00617299
0.681585	0.0908968	0.00956931
0.683514	0.0716915	-0.00634691
0.679143	0.0735718	0.00270154
0.718982	0.0686197	-0.00684901
0.704866	0.0926427	-0.00639667
0.702158	0.081846	-0.0168494
0.669754	0.0827909	-0.00481933
0.702586	0.0799359	-0.00923792
0.681074	0.0841281	-0.0046871
0.69641	0.0907857	-0.00584374
0.706705	0.108301	0.0175572
0.698585	0.0887902	-0.00242073
0.709045	0.0921303	-0.00754898
0.691326	0.083803	-0.00266391
0.682939	0.0945804	0.00651807
0.694846	0.0915961	0.00308866
0.682478	0.0901711	-0.00431002
0.702717	0.0876439	0.00962783
0.696603	0.0809894	0.025763
0.706259	0.0792289	0.0153524
0.704554	0.0783346	-0.0107689
0.68113	0.0731561	0.0105655
0.686281	0.0880954	-0.00243753
0.688719	0.0780981	-0.000773661
0.680876	0.0884753	-0.00747097
0.694366	0.0795397	0.0093691
0.699645	0.0707159	0.0159054
0.689869	0.0977769	0.0148179
0.684065	0.0827224	-0.00300608
0.708361	0.102633	-0.0121616
0.686609	0.0955067	-0.00206548
0.688747	0.0801052	0.0218245
0.708912	0.0956085	0.00744492
0.701875	0.0848333	-0.000625701
0.699962	0.0871069	-0.012923
0.717801	0.0725558	-0.00692606
0.69093	0.0835574	-0.00754436
0.686133	0.0926389	-0.000589022
0.705485	0.0682387	-0.000189237
0.684715	0.0914899	-0.0163733
0.696476	0.0782706	0.00745523
0.691642	0.085079	-0.00625248
0.695081	0.0966881	-0.0109128
0.687333	0.0935079	-0.0128542
0.672029	0.0909922	-0.0133071
0.710222	0.0942912	0.00256989
0.697886	0.0927741	-0.0276551
0.701805	0.0791612	-0.000716619
0.700091	0.0786117	-0.0186184
0.702076	0.0921133	0.00252335
0.689885	0.083892	0.00987689
0.676226	0.0846508	0.0067084
0.68159	0.0931444	-0.00138013
0.698282	0.079835	0.00615235
0.690037	0.0957493	0.0173867
0.693241	0.0907715	-0.0201049
0.706069	0.0823488	0.00141715
0.69275	0.0915469	0.00892006
0.698426	0.0741844	0.00291305
0.696625	0.0824422	0.0070291
0.678646	0.0744288	0.0097808
0.704673	0.0983978	0.00705964
0.699881	0.0830451	-0.00275403
0.689899	0.0977469	0.00697489
0.688992	0.0978644	-0.0276097
0.6915	0.0895516	-0.0115687
0.702459	0.0849174	0.0205088
0.69875	0.0759647	-0.0219521
0.692981	0.095366	0.00112697
0.693355	0.0838453	-0.00142589
0.682423	0.0903519	0.00563839
0.689444	0.0890985	-0.0030493
0.704219	0.0819604	0.021337
0.706128	0.0928242	-0.0131593
0.678477	0.0932773	-0.00721621
0.677878	0.088774	-0.011394
0.707214	0.0882891	-0.00393164
0.686777	0.091872	-0.0144259
0.687002	0.0734904	-0.000385818
0.702622	0.0828742	-0.0169916
0.693883	0.0786055	0.00438037
0.700249	0.0835019	-0.0168875
0.7	0.0846965	0.0079551
0.696856	0.0704956	-0.0050679
0.698692	0.0999097	0.0171379
0.710828	0.079089	-0.00219892
0.704349	0.081704	-0.00132008
0.690634	0.0783591	0.00553892
0.691744	0.0886774	0.00931336
0.692386	0.0776883	-0.0120037
0.695756	0.0887303	0.00341366
0.695438	0.081373	-0.00142969
0.683474	0.0991096	0.00398088
0.706081	0.0653319	-0.0134212
0.697879	0.0835413	0.00832309
0.685998	0.0813793	0.000488542
0.689991	0.0963921	-0.00472216
0.701681	0.0913464	-0.0023461
0.683449	0.0861832	0.0173156
0.689502	0.0954884	0.00246873
0.681579	0.0909346	-0.0177288
0.708012	0.0811773	-0.00557019
0.695138	0.0802774	-0.0121689
0.688182	0.0929218	-0.0117759
0.705006	0.0707924	-0.00237166
0.690378	0.0973635	0.0102713
0.694804	0.0838509	-0.00151332
0.674002	0.103435	0.0129327
0.689815	0.0855205	0.00244476
0.689236	0.0587721	-0.00429565
0.697296	0.101203	0.00771114
0.69862	0.0913343	0.014527
0.69977	0.0808609	-0.00155458
0.69489	0.0984958	-0.00417605
0.67795	0.0990886	-0.00501176
0.718508	0.10091	0.00833914
0.684856	0.071045	0.00533098
0.703858	0.0983447	-0.0083492
0.698936	0.0795948	0.00996382
0.695842	0.0925414	0.0152798
0.708712	0.0766028	0.00182848
0.700639	0.0709041	-0.0146108
0.699206	0.0972659	0.000179036
0.705249	0.0782368	0.00677268
0.698901	0.0896986	-0.00868906
0.697736	0.0794549	-0.00657806
0.716499	0.097525	0.00386446
0.668153	0.0882748	0.0171129
0.698643	0.0922344	0.00509767
0.705937	0.0819679	-0.0106651
0.688396	0.0837701	-0.0199075
0.705308	0.0804993	0.00585838
0.680349	0.110168	-0.00348245
0.692234	0.0817663	0.00168921
0.703214	0.0854132	0.00555849
0.688062	0.0744066	0.00145369
0.7088	0.0801421	-0.00372336
0.685807	0.0897401	0.00646975
0.710169	0.0926042	0.00635191
0.695496	0.101177	0.00990883
0.683059	0.0899517	2.85626e-05
0.694979	0.0784629	-0.00344199
0.69328	0.0904361	-0.00666536
0.694783	0.101662	-0.00464094
0.693726	0.0895913	-0.0214757
0.707025	0.088969	0.00419047
0.697629	0.0875816	0.00664707
0.702188	0.0925076	-0.00130995
0.704558	0.0851712	-0.0135909
0.69503	0.08383	-0.00503015
0.714985	0.0584526	0.00130904
0.699218	0.0792482	-0.00485321
0.698731	0.0809516	0.00334021
0.708171	0.0981969	-0.000162458
0.692972	0.08963	-0.00782521
0.709175	0.0925903	-0.00701457
0.695125	0.0965324	-0.00312783
0.691173	0.0859603	-0.00600979
0.706826	0.0706313	0.00723318
0.685107	0.101329	0.00312509
0.703681	0.0843082	-0.0144354
0.699228	0.089746	0.00674519
0.693597	0.0904289	0.00780494
0.690777	0.0885392	-0.0118487
0.691105	0.092724	0.0128
0.68944	0.0753013	0.00227926
0.707227	0.0890828	0.0153902
0.699776	0.10076	-0.0197411
0.711843	0.0830565	0.014226
0.684557	0.106249	0.020509
0.699628	0.0947673	0.0144997
0.68292	0.0781308	0.0124534
0.695098	0.0792722	0.00903793
0.696058	0.0822616	-0.00115283
0.690938	0.107172	-0.00294812
0.69815	0.0817911	0.00121712
0.682204	0.0901037	0.00379736
0.714895	0.0900305	-0.00755486
0.705292	0.11423	-0.00460195
0.675154	0.0797135	0.00645527
0.692057	0.0807189	0.011052
0.681038	0.085403	-0.0127313
0.684601	0.0943146	0.00215526
0.705014	0.087133	2.60154e-06
0.706363	0.0657578	-0.0166714
0.71475	0.078963	8.81247e-05
0.692073	0.0728198	0.0183173
0.679575	0.0878237	-0.0182931
0.685695	0.0757253	-0.0120651
0.67887	0.0814907	-0.0229611
0.697165	0.104762	-0.0116827
0.690345	0.088879	0.000488975
0.688051	0.0992506	-0.00524544
0.682685	0.0916789	-0.00411933
0.683701	0.0795398	-0.00182818
0.717665	0.0927687	0.00769914
0.695909	0.0830752	-0.00684165
0.690859	0.0891636	-0.000626228
0.703731	0.0816944	-0.00108001
0.708668	0.0778245	-0.00778325
0.697339	0.0817338	0.00601789
0.688967	0.100118	0.00599421
0.709766	0.101906	0.000797089
0.691794	0.0917124	0.000957619
0.68997	0.0824147	0.0197802
0.681596	0.0941197	0.000561599
0.698598	0.0884555	0.010513
0.696908	0.102417	0.0114767
0.691456	0.0836532	0.0144882
0.684241	0.0976517	-0.00929531
0.696294	0.0878601	0.0134737
0.712247	0.0890385	0.0122199
0.697772	0.093582	-0.0113552
0.696687	0.111389	-0.00580283
0.679391	0.0973815	-0.00704616
0.698575	0.0825625	0.00146308
0.689426	0.0942911	-0.00863281
0.699991	0.0850842	0.00651142
0.691558	0.0979433	-0.0159979
0.708095	0.0916715	0.0136251
0.698051	0.0777979	-0.00770357
0.692245	0.0995399	-0.0188435
0.692267	0.0958318	0.00724431
0.692503	0.0829496	-0.000549734
0.69373	0.0852546	0.00694651
0.708402	0.0734091	-0.016752
0.697258	0.067029	-0.00142327
0.692515	0.0795486	0.00382982
0.711198	0.0686416	0.000506805
0.672183	0.088142	0.00425525
0.697467	0.0839435	0.00311389
0.687427	0.0789157	0.00266976
0.684756	0.091855	0.0077141
0.704182	0.0964717	-0.00158037
0.684387	0.085923	-0.00148441
0.712153	0.102815	0.00605738
0.690918	0.101169	-0.0119567
0.708179	0.0978782	0.00210698
0.697524	0.0917246	-0.0100182
0.69471	0.0782841	-0.00624015
0.700556	0.0978314	-0.019789
0.691922	0.107982	-0.00557458
0.679609	0.0801284	0.00837366
0.685237	0.0682315	-0.00625784
0.700236	0.105505	0.00493801
0.689107	0.10511	-0.00925524
0.682126	0.0882017	0.00759804
0.712227	0.0867621	0.00987085
0.690294	0.0811932	0.0106307
0.694893	0.0845052	-0.0127458
0.683161	0.0854508	-0.00970923
0.675663	0.0816099	0.0102428
0.702949	0.0840407	0.0168341
0.695903	0.0764952	-0.00680811
0.689467	0.0922606	0.00663847
0.708123	0.110703	-0.00121308
0.691141	0.0777001	0.00571262
0.695749	0.0978711	0.000450224
0.688173	0.085742	-0.000884914
0.687752	0.0767036	0.00401733
0.716134	0.0969112	-0.0101322
0.707128	0.0915429	0.0111345
0.711214	0.099506	-0.0095248
0.684559	0.0679412	0.00490779
0.698149	0.100379	0.00689471
0.685536	0.0740102	0.00577191
0.695326	0.081243	0.00938115
