0
0
0
0
0
0
0
0
0
0
0
0
0
0
0
0
0
0
0
0
0
0
0
0
0
0
0
0
0
0
0
0
0
0
0
0
0
0
0
0
0
0
0
0
0
0
0
0
0
0
0
0
0
0
0
0
0
0
0
0
0
0
0
0
0
0
0
0
0
0
0
0
0
0
0
0
0
0
0
0
0
0
1.3242e-20
0
2.95521e-20
3.84486e-19
1.46439e-18
3.62616e-18
5.40626e-18
1.61673e-17
7.2938e-17
1.37143e-16
1.37388e-15
1.79161e-15
2.84483e-15
9.94134e-15
2.2683e-14
7.232e-15
3.00803e-15
1.12581e-14
3.93675e-14
9.20563e-14
2.00136e-13
2.67981e-13
4.82968e-13
2.23237e-12
8.82072e-13
1.44332e-12
9.04602e-13
1.46165e-12
1.81636e-12
1.26262e-12
2.93132e-12
4.97806e-12
1.20732e-11
2.01299e-11
1.54553e-11
4.03013e-11
4.23071e-11
1.04513e-11
2.54506e-11
3.84607e-11
4.42313e-11
4.02746e-11
1.23668e-10
1.5602e-10
1.08622e-10
5.18421e-11
4.16806e-11
5.11298e-11
1.81282e-11
1.77149e-11
1.05312e-11
5.36785e-12
2.16417e-11
1.85282e-11
1.6349e-11
1.84287e-11
2.62462e-11
7.0497e-11
1.74789e-10
2.73094e-10
6.64826e-10
5.4522e-10
7.30327e-10
1.73234e-09
2.83322e-09
5.10414e-09
2.57415e-09
1.82349e-09
1.1795e-09
8.53349e-10
3.43456e-10
6.36171e-10
6.57653e-10
8.98116e-10
6.10334e-10
2.20222e-10
1.12445e-10
3.95163e-11
1.79341e-11
1.93371e-11
3.32308e-12
4.75029e-12
3.1759e-12
3.64054e-12
1.24663e-11
3.1046e-12
2.84069e-12
1.54537e-12
3.34887e-12
2.63061e-12
3.12261e-12
3.26789e-12
2.19441e-12
1.69636e-12
1.80638e-12
2.92321e-12
3.04474e-12
2.06556e-12
2.21317e-12
1.7061e-12
2.70302e-12
7.12703e-12
3.99072e-12
1.00102e-11
1.59895e-11
1.60469e-11
1.98271e-11
3.51383e-11
2.26123e-11
4.38723e-11
9.68211e-11
1.23878e-10
7.96454e-11
3.27191e-10
1.90704e-10
3.25247e-10
5.41591e-10
1.00457e-09
5.33815e-09
5.33197e-09
6.23735e-09
3.53903e-09
4.30486e-09
7.11294e-09
1.61989e-08
1.82942e-08
3.14498e-08
1.91852e-08
1.07456e-08
5.21473e-09
5.87883e-09
9.54925e-09
1.14479e-08
1.10257e-08
7.62818e-09
1.01836e-08
6.20732e-09
5.74979e-09
1.98589e-09
7.47097e-10
3.19202e-10
3.32273e-10
2.13221e-10
7.40094e-11
2.8457e-11
2.02822e-11
1.37234e-11
8.48231e-12
2.52869e-12
2.17396e-12
7.37093e-12
4.95459e-12
8.83816e-13
8.41616e-13
1.53354e-12
1.38938e-12
1.18948e-12
2.32545e-12
2.32683e-12
2.60993e-12
2.54508e-12
1.48245e-12
1.17381e-12
3.47604e-12
6.06982e-12
9.79369e-12
9.92907e-12
1.23358e-11
6.85335e-12
3.31522e-12
2.8302e-12
7.42665e-12
1.95008e-11
1.49333e-11
5.60035e-12
4.57132e-12
1.88063e-12
2.7651e-12
3.12215e-12
1.39624e-12
9.84686e-13
1.22841e-12
2.47649e-12
3.71159e-12
4.73445e-12
6.65776e-12
8.8345e-12
1.01808e-11
2.74579e-11
2.41082e-11
3.30445e-11
2.39788e-11
2.40786e-11
2.50631e-11
2.72715e-11
2.02503e-11
5.54184e-11
2.26971e-11
9.43268e-12
6.52025e-12
4.81446e-12
5.2701e-12
3.87352e-12
4.00237e-12
1.63816e-12
1.6305e-12
2.84125e-12
4.09046e-12
6.13337e-12
5.83949e-12
1.28274e-11
8.6814e-12
3.91822e-12
1.60462e-12
1.48795e-12
1.46863e-12
2.05796e-12
1.20818e-12
9.89331e-13
1.17758e-12
1.70558e-12
1.23724e-12
1.14777e-12
4.11059e-13
5.67171e-13
5.06254e-13
4.65926e-13
3.79006e-13
6.20276e-13
7.31344e-13
1.48822e-12
1.1699e-12
1.778e-12
2.53606e-12
8.45082e-12
1.33662e-11
2.63281e-11
3.06164e-11
1.11114e-11
5.36051e-12
1.78055e-11
2.13548e-11
2.28155e-11
3.13057e-11
7.64323e-11
9.12365e-11
5.40161e-11
2.07059e-11
5.63937e-12
1.49981e-12
1.79568e-12
1.37439e-12
5.98204e-13
2.25471e-12
2.6804e-12
9.95265e-13
9.69965e-13
2.31216e-13
2.80411e-13
4.03718e-13
1.12011e-12
1.96262e-12
7.94841e-13
6.56683e-13
4.0773e-13
6.51432e-13
5.84397e-13
3.01713e-12
5.78676e-12
2.57669e-11
3.60766e-11
1.48488e-11
3.80276e-11
6.2666e-11
7.1256e-11
1.89033e-10
1.32461e-10
1.25377e-10
1.03888e-10
1.12046e-10
3.21021e-10
6.76728e-10
1.17594e-09
2.31806e-09
4.3198e-09
3.10163e-09
1.26634e-09
1.08535e-09
2.37541e-10
3.88498e-10
5.32038e-10
4.61278e-10
5.98001e-10
3.33985e-10
1.04031e-10
8.20654e-11
6.38318e-11
5.19158e-11
4.44977e-11
4.14356e-11
5.71822e-11
8.03502e-11
7.2711e-11
3.44216e-10
2.7458e-10
7.41089e-10
6.40587e-10
2.69682e-10
9.53331e-11
9.59368e-11
7.1578e-11
