0.692965	0.0777059	-0.0167778
0.706321	0.0923668	-0.00571046
0.692428	0.089474	-0.0124459
0.704217	0.0834627	0.018925
0.695209	0.0990201	0.00406747
0.695623	0.0930155	0.00576384
0.690293	0.0836434	-0.00579078
0.689855	0.086296	0.00501179
0.700045	0.0955329	-0.00401753
0.686882	0.088287	0.00406167
0.705763	0.0910762	-0.00114355
0.68357	0.0790032	0.0101901
0.692064	0.0862337	0.00562896
0.700821	0.085567	0.00920244
0.67976	0.0928651	0.0118132
0.678665	0.0822741	0.00540212
0.689888	0.0938304	0.00544168
0.70504	0.0760899	-0.00147459
0.691633	0.0937463	0.0174021
0.682856	0.0886249	0.00383542
0.683989	0.0919883	-0.00838396
0.709809	0.0839022	-0.0127406
0.698678	0.0993805	0.00292407
0.694464	0.0900679	0.00849629
0.687405	0.0962189	-0.00292782
0.678918	0.0954768	-0.00996066
0.694904	0.083955	-0.00522358
0.694088	0.0915331	-0.00364376
0.691558	0.0934811	0.00403573
0.688049	0.0930548	-0.0283067
0.692005	0.0963988	0.0200506
0.697307	0.0817895	-0.00559625
0.698976	0.0867276	-0.00728035
0.695702	0.0862098	0.00127219
0.696244	0.0854725	-0.0148584
0.699787	0.0928082	-0.0126767
0.681269	0.0883204	-0.00505922
0.690358	0.0735174	0.0054222
0.697736	0.0926191	-0.00886669
0.711888	0.0957821	0.00810032
0.689312	0.0788651	0.0122227
0.686632	0.0916517	0.00324418
0.696354	0.0827224	0.0160609
0.692228	0.0796607	0.0100585
0.701237	0.0799468	0.00745223
0.705562	0.0935422	0.00245005
0.701745	0.0817493	-0.0141401
0.674345	0.0951656	-0.00137154
0.689389	0.0802895	0.0209612
0.699464	0.0873421	-0.00624691
0.687642	0.072903	-0.000353002
0.696541	0.0883086	0.00123005
0.700035	0.086296	-0.00112413
0.688309	0.0869249	0.011475
0.692009	0.0975255	-0.0106231
0.699904	0.0794582	-0.000393207
0.683966	0.10894	-0.00419617
0.689792	0.0833958	-0.0115803
0.705426	0.0698559	0.0104745
0.703046	0.0883833	0.00709666
0.697565	0.0802569	-0.00195409
0.685354	0.100747	0.0175864
0.700974	0.0942709	-0.0168252
0.700689	0.0947072	0.00441167
0.705066	0.0873966	-0.00574086
0.704661	0.0523587	-0.00735607
0.693582	0.0785172	-0.00352727
0.701642	0.0965521	0.00450275
0.714449	0.0772834	-0.00790428
0.70253	0.0972495	-0.00761798
0.689848	0.0841138	0.00146977
0.706115	0.0803479	0.0018018
0.703145	0.0941809	-0.00694337
0.679465	0.0748314	0.0035222
0.698142	0.0913808	0.00336052
0.693888	0.077595	-0.001151
0.687645	0.0859943	0.00803395
0.685724	0.101369	-0.0108106
0.705605	0.091599	0.00648486
0.690692	0.084284	-0.00823967
0.688297	0.0754032	-0.00426224
0.701097	0.0938447	0.0082132
0.691726	0.103019	0.000456666
0.713479	0.0935615	0.00600368
0.693121	0.0822179	0.0187763
0.682762	0.0767396	-0.00467295
0.702596	0.103935	0.00648827
0.708966	0.0833371	-0.00943332
0.712534	0.0751905	-0.00390259
0.690034	0.0931471	0.00981883
0.702715	0.0773992	0.00663671
0.7225	0.0869141	0.00921545
0.681693	0.0910738	-0.0148727
0.687421	0.0940418	-0.0069055
0.70573	0.0884243	0.00604902
0.695895	0.0809381	-0.00335124
0.679839	0.0915053	0.0023967
0.70034	0.0883767	0.000340353
0.704511	0.0582476	-0.020535
0.700737	0.0923933	0.00346652
0.688428	0.0892661	0.00944656
0.706722	0.0748907	-0.011052
0.691724	0.0710876	0.0154444
0.677828	0.0736424	0.00207759
0.707531	0.069596	-0.000881175
0.680793	0.0928641	0.00435437
0.686346	0.0877736	0.0156507
0.680784	0.0943007	0.00456292
0.688184	0.083777	-0.0124539
0.683002	0.0962374	0.0127996
0.696115	0.0889453	-0.000334884
0.695895	0.0699255	0.00767646
0.66658	0.0838405	0.00406609
0.700447	0.0895811	0.00467147
0.687973	0.0936711	0.00142429
0.703703	0.0903034	0.00977184
0.700472	0.0889736	0.00568352
0.704189	0.0839814	-0.00112778
0.692728	0.0746923	-0.00253041
0.681089	0.0961544	-0.00282343
0.699258	0.0899956	-0.00138588
0.699478	0.0677781	-0.00267755
0.695904	0.104199	-0.0113973
0.701793	0.094214	-0.0103693
0.720551	0.0760798	-0.00756486
0.709837	0.0816775	0.01891
0.691644	0.0909088	-0.000674307
0.704885	0.0796673	-0.014462
0.687444	0.0872326	0.0222977
0.701916	0.0911419	0.0203882
0.706977	0.0934296	0.010993
0.685458	0.104408	-0.00742315
0.708831	0.0810158	0.00618386
0.692844	0.0875675	0.00567583
0.696978	0.0753415	-0.0069938
0.695872	0.0859972	0.00385795
0.677555	0.0955855	-0.0031311
0.71566	0.0737559	0.0245803
0.693991	0.0759505	-0.00362709
0.700795	0.0988353	-0.02604
0.704476	0.0755394	0.00183388
0.69973	0.0904064	0.00427581
0.723294	0.100283	-0.0219644
0.684953	0.0899173	-0.011284
0.68973	0.0716467	-0.020344
0.69264	0.0829555	-0.00784539
0.701154	0.0875382	-0.00937853
0.683703	0.0892105	-0.0037939
0.710438	0.0812091	0.00748988
0.699693	0.0901384	-0.00360779
0.700689	0.080419	0.0104549
0.675603	0.0844574	-0.013104
0.692046	0.0856419	0.00308583
0.692413	0.121216	-0.000571221
0.709682	0.0767749	0.000312439
0.69492	0.0818291	0.000419261
0.692397	0.0967284	-0.0183085
0.706744	0.089883	0.0150147
0.685505	0.109056	0.00504889
0.67462	0.098131	-0.00752856
0.690937	0.0761918	-0.000799418
0.689731	0.0846619	0.0178452
0.678052	0.0812684	0.00799168
0.700264	0.0945702	0.00394417
0.688641	0.087122	-0.00328223
0.691195	0.109776	-0.010707
0.683276	0.0859289	-0.0121328
0.69269	0.0989789	-0.00844586
0.687678	0.0761455	0.0128342
0.695828	0.0812838	0.00832647
0.681396	0.084545	0.00988472
0.68491	0.103258	-0.0146071
0.684237	0.101283	0.00269457
0.675325	0.0904407	-0.00660566
0.685224	0.0837764	0.0011237
0.698033	0.0704805	-0.0119191
0.691916	0.0714582	0.00180248
0.698352	0.0858246	-0.00520717
0.694441	0.0886441	-0.010292
0.689795	0.0795172	-0.013041
0.691889	0.0819901	0.00769233
0.703969	0.0837261	-0.0144679
0.705454	0.0944339	-0.00562973
0.688886	0.0991222	0.00822438
0.67967	0.0923663	0.00119882
0.697791	0.0947537	0.00741322
0.704832	0.0921977	0.0101129
0.700606	0.0934524	0.00633903
0.679936	0.0822624	-0.0240892
0.695213	0.0950626	-0.000540736
0.696816	0.082754	0.00432157
0.700083	0.0996069	0.0122749
0.692191	0.0886588	-0.0127136
0.690916	0.0993612	0.0147957
0.690632	0.0810046	0.0117925
0.694169	0.0906463	-0.0124117
0.701737	0.095225	0.000562712
0.687485	0.0798498	-0.0105873
0.70278	0.0784574	-0.0069871
0.699729	0.0843096	0.011655
0.694024	0.0843206	0.0114069
0.720285	0.0619532	-0.0209755
0.679012	0.076302	-0.00527889
0.714749	0.0925496	-0.00565812
0.701929	0.0996645	0.00652199
0.719986	0.0907925	-0.00542733
0.694839	0.0771592	0.0091657
0.701913	0.0882841	0.000100222
0.688354	0.0812481	-0.0101371
0.685978	0.0957947	0.0121084
0.688616	0.0829058	0.00799554
0.709174	0.0906085	0.00207378
0.715655	0.0813587	-0.000180071
0.699599	0.0752122	0.000245047
0.694395	0.0713448	-0.0158193
0.71328	0.0898757	0.0125765
0.689895	0.0937758	0.00277692
0.683426	0.0969717	0.00705471
0.690079	0.0986663	-0.0188797
0.699901	0.0938105	0.00831054
0.727662	0.0805402	-0.00169345
0.70385	0.0820046	-0.00173079
0.707719	0.0737199	0.00765836
0.683616	0.0962432	-0.00168693
0.678786	0.0905426	0.0103508
0.699052	0.0620469	-0.0165162
0.687872	0.0775329	0.00872704
0.702099	0.0642216	0.00126736
0.681626	0.0668698	0.00959802
0.716522	0.103872	-0.00965747
0.691577	0.0773213	0.0006293
0.705205	0.0728102	-0.00943729
0.705822	0.0963584	0.0186206
0.691054	0.0929163	-0.00726276
0.698261	0.0889621	0.00954451
0.692256	0.0990889	-0.00628439
0.695028	0.070617	0.00889122
0.686631	0.0930608	-0.0218986
0.70305	0.0900317	-0.00032786
0.696361	0.0995454	-0.00857521
0.697741	0.09955	-0.00453627
0.686326	0.0747129	0.00871555
0.691709	0.109689	0.00968869
0.683209	0.0865316	-0.00570193
0.679658	0.0880565	-0.0102569
0.70355	0.0928025	-0.0133905
0.699376	0.100056	0.0133392
0.698314	0.0851234	0.00426929
0.696666	0.086938	0.0128298
0.688117	0.103822	0.00775427
0.698701	0.099112	-0.00486787
0.730339	0.0756687	-0.00921675
0.694745	0.0811943	-0.0184839
0.695444	0.0944486	-0.000520756
0.69177	0.0756577	-0.0179945
0.714537	0.0928869	-0.00475804
0.669692	0.0901421	0.0124682
0.67145	0.0856775	0.00332634
0.697784	0.0840916	-0.0183083
0.697586	0.0726142	0.00731624
0.697264	0.0886153	-0.0146137
0.695422	0.0894562	0.0058378
0.701065	0.0881272	0.000946823
0.682503	0.0872515	-0.00358188
0.703999	0.0847266	-0.00625323
0.674785	0.124569	0.00369987
0.685657	0.0950573	0.0133361
0.705119	0.0888331	-0.0204655
0.675649	0.0846049	-0.000993167
0.696534	0.0802124	-0.00978442
0.693961	0.0909976	0.0111044
0.694987	0.0877211	0.00463356
0.68016	0.0759076	-0.013527
0.683819	0.0925793	-0.00851375
0.690112	0.0930672	-0.00325961
0.689865	0.0768222	0.00960767
0.706352	0.0965212	-0.0138029
0.674339	0.0957741	0.00526923
0.707566	0.0683272	0.0155517
0.701524	0.0744044	0.015749
0.699685	0.0860822	0.00546064
0.67282	0.0951589	0.00164143
0.704456	0.0816589	0.0049968
0.708095	0.0782152	0.00506745
0.714608	0.0905151	-0.00573511
0.703549	0.0763715	-0.00385414
0.680386	0.0695536	-0.000664096
0.689056	0.101424	-0.00367381
0.717272	0.0746488	-0.00765158
0.696725	0.103401	0.0248685
0.708311	0.0854826	-0.00679933
0.703229	0.0847971	0.0113439
0.694678	0.0809107	-0.000734548
0.684693	0.0905752	-0.00174555
0.693923	0.0771707	0.000962892
0.695287	0.0882317	0.0305806
0.69211	0.0864784	0.0134557
0.700567	0.0828271	-0.00798509
0.702761	0.0903165	-0.00518428
0.691399	0.0785399	-0.0089746
0.687242	0.0965285	-0.0082526
0.700943	0.0976521	0.00889511
0.704461	0.081574	-0.00767371
0.70846	0.0978889	0.00830259
0.682613	0.0901648	0.00596309
0.703614	0.0869665	-0.0110234
0.697184	0.0842023	-0.0143472
0.690994	0.0832203	0.00450258
0.662978	0.0750778	-0.00017736
0.692788	0.08009	-0.00248027
0.684429	0.0993898	-0.0110912
0.710578	0.074449	0.00626901
0.684936	0.0742193	-0.00382756
0.697008	0.0803088	-0.00925357
0.697905	0.0948652	0.0125536
0.704938	0.0802755	-0.0118563
0.688416	0.0817109	0.00799492
0.701658	0.0917681	-0.000310319
0.676504	0.0933591	0.0188328
0.701499	0.0912395	-0.0091692
0.6952	0.0798321	-0.0148212
0.684875	0.0996866	0.0184513
0.696562	0.0857143	-0.00251929
0.682936	0.0916412	0.0161878
0.713571	0.0873665	-0.000761969
0.690207	0.0869467	0.0150634
0.709675	0.0866333	-0.0129213
0.696563	0.075828	-0.00883906
0.692906	0.0863738	-0.0348012
0.684624	0.0912809	0.0263453
0.688494	0.0766146	-0.00755937
0.703553	0.0703817	0.0111657
0.705751	0.102452	-0.00144724
0.702372	0.0848206	-0.00536187
0.688989	0.0890814	-0.001535
0.674525	0.0752021	-0.0023951
0.699056	0.0831593	-0.011655
0.70024	0.0894427	-0.00443171
0.686856	0.0758335	-0.023835
0.709403	0.0960418	-0.000587474
0.705378	0.0967708	0.00841231
0.682088	0.0854632	-0.00809883
0.692081	0.0949611	0.00436578
0.693637	0.086824	-0.00349898
0.700293	0.0892358	-0.00568705
0.699343	0.0894374	-0.0053549
0.704678	0.0990991	0.000257806
0.702024	0.0630455	0.0140593
0.691696	0.0934641	-0.00863031
0.700176	0.0803128	-0.00969695
0.686869	0.0925985	-0.0035536
0.701719	0.0895359	0.00486042
0.693785	0.101372	-0.0031863
0.692258	0.0803878	0.0125204
0.694414	0.0854465	0.00386562
0.679194	0.083305	-0.00315369
0.684031	0.0804004	-0.00148372
0.705185	0.0848588	-0.0108244
0.718519	0.0873408	0.0208858
0.687302	0.107356	0.00221389
0.703004	0.08453	0.00454906
0.68644	0.0844666	0.0129505
0.692141	0.0778504	0.00494073
0.681872	0.0668538	-0.000169252
0.690673	0.094194	0.00136488
0.695723	0.0884831	-0.0200085
0.695102	0.0989423	-0.0146068
0.692416	0.102508	0.00761816
0.704705	0.0778855	-0.00109189
0.7143	0.0897832	0.00119536
0.693392	0.0994224	0.00373943
0.704279	0.0803263	0.0234744
0.712648	0.0778468	0.00779898
0.677521	0.0845256	0.00142
0.692698	0.0747092	0.00122772
0.690164	0.0840437	0.00558562
0.681527	0.0868847	0.0043434
0.69528	0.111133	-0.0146257
0.710445	0.0924669	0.00382982
0.698325	0.105637	-0.00175493
0.692744	0.078374	-0.00493832
0.670086	0.0861501	-0.00680329
0.700777	0.0799858	-0.0159093
0.695905	0.0763616	0.0107536
0.687065	0.108073	0.0169271
0.691474	0.0903827	0.00606163
0.698969	0.0778793	0.00527347
0.672499	0.0864524	-0.00632467
0.706677	0.0939937	0.00500675
0.682822	0.097213	-0.00493804
0.697052	0.103199	0.00321593
0.700922	0.0889947	0.0113876
0.701791	0.0975117	0.00623619
