0
0
0
0
0
0
0
0
0
0
0
0
0
0
0
0
0
0
0
0
0
0
0
0
0
0
0
0
0
0
0
0
0
0
0
0
0
0
0
0
0
0
0
0
0
0
0
0
0
0
0
0
0
0
0
0
0
0
0
0
0
0
0
0
0
0
0
0
0
0
0
0
0
0
0
0
0
1.92676e-20
2.5246e-19
1.56996e-19
6.65371e-19
9.03074e-18
3.37094e-18
1.16511e-17
1.69337e-17
1.87687e-17
4.19786e-17
2.21661e-17
9.29758e-17
8.8832e-17
2.99327e-16
5.17829e-16
8.84575e-16
1.95842e-15
2.95517e-15
1.15447e-14
3.19174e-14
3.54458e-14
9.01348e-15
6.78686e-15
6.99203e-15
2.76655e-14
4.00677e-14
1.33631e-13
3.58634e-13
2.92905e-13
2.4142e-13
4.22276e-13
5.27695e-13
3.64758e-13
8.97056e-13
2.98389e-13
9.99652e-14
2.01596e-14
5.69588e-14
2.80499e-14
9.861e-15
5.60498e-15
4.57603e-15
2.64065e-15
2.40136e-15
2.60329e-15
1.61252e-15
2.54965e-15
9.63706e-16
7.76632e-16
5.02013e-16
3.95098e-16
2.80724e-16
2.21893e-16
3.05718e-16
3.53596e-16
4.98289e-16
5.61042e-16
9.56423e-16
1.64144e-15
1.42282e-15
3.82165e-15
2.20853e-15
4.52828e-15
4.20112e-15
3.85839e-15
2.88282e-15
1.33994e-15
1.0276e-15
1.68852e-15
1.58406e-15
4.00745e-15
8.25888e-15
1.99633e-15
2.16064e-15
3.07213e-15
1.88772e-15
4.95652e-15
1.70585e-15
2.03647e-15
2.9536e-15
3.55297e-15
1.13022e-14
2.94813e-14
4.04354e-14
8.43323e-15
1.45213e-14
1.12972e-14
1.79681e-15
1.53398e-15
5.39404e-15
7.68369e-15
2.50404e-15
1.64122e-15
2.38341e-15
2.57809e-15
1.07789e-14
1.88171e-14
2.04491e-14
3.20221e-14
4.02104e-14
7.59228e-14
1.72159e-13
1.0818e-13
8.88082e-14
8.7733e-14
2.16953e-13
2.98575e-13
4.66834e-13
3.63028e-12
8.74693e-12
9.97439e-12
4.22477e-11
4.81847e-11
5.26144e-11
3.40436e-11
4.11779e-11
2.33986e-10
5.16359e-10
5.99779e-10
1.467e-09
1.30409e-09
3.58862e-09
4.34332e-09
1.00115e-09
1.02074e-09
1.54486e-09
6.02984e-10
5.48248e-10
3.48509e-10
3.97954e-10
2.9043e-10
1.19077e-10
2.08356e-10
1.46369e-10
2.12282e-10
1.8202e-10
9.05596e-11
2.74987e-11
1.75586e-11
1.8609e-11
2.88901e-12
6.07099e-12
2.23654e-12
1.92523e-13
6.15215e-14
9.0304e-14
5.19978e-14
9.41529e-14
5.53127e-14
3.01034e-14
3.17261e-14
6.25802e-14
1.3313e-13
6.77765e-13
9.06708e-13
2.59283e-12
1.50391e-11
2.38612e-11
1.08809e-10
5.50556e-10
6.47747e-10
1.30927e-09
1.17475e-09
2.05689e-09
2.09927e-09
1.54548e-09
1.73191e-09
5.94265e-10
5.89859e-10
8.68081e-10
9.37436e-10
4.54779e-10
9.78514e-11
3.8053e-11
6.17373e-11
3.60042e-11
1.67615e-11
7.71236e-12
8.89917e-12
5.08487e-12
1.24728e-12
1.08781e-12
1.39944e-13
7.61346e-14
7.13129e-14
5.67847e-14
7.90298e-14
4.39001e-14
2.68832e-14
5.55287e-14
5.91291e-14
1.22574e-13
7.68882e-14
1.24667e-13
8.05137e-14
1.88967e-13
7.86143e-14
4.42342e-14
4.98762e-14
3.15496e-14
7.28968e-15
3.99404e-15
2.46223e-15
2.53048e-15
3.51343e-15
3.25521e-15
1.32953e-15
6.65875e-16
2.12782e-15
2.55668e-15
1.16706e-15
1.63411e-15
1.99044e-15
1.21983e-15
1.03557e-15
1.40994e-15
1.10149e-15
6.99842e-16
4.46393e-16
5.26968e-16
6.03779e-16
1.33613e-15
1.7617e-15
8.16717e-16
8.80522e-16
9.16229e-16
8.81521e-16
4.75489e-16
3.68661e-16
2.50499e-16
1.89973e-16
3.14155e-16
2.28338e-16
5.35874e-16
2.56808e-16
7.33387e-17
1.94492e-16
5.50128e-16
5.1077e-16
1.33422e-15
1.04015e-15
2.12784e-15
1.91971e-15
1.99204e-15
4.35305e-15
2.89457e-15
1.2502e-14
1.13243e-14
8.60133e-15
4.7673e-15
1.32591e-14
1.01101e-14
4.73394e-14
3.75382e-14
2.36319e-14
1.15269e-14
4.9298e-14
4.14577e-14
2.02193e-14
4.77296e-15
2.52058e-15
2.04665e-15
2.90328e-15
4.20268e-15
7.89245e-15
4.28055e-15
2.30183e-14
4.90399e-14
2.94634e-14
3.54298e-14
6.21603e-14
5.48056e-14
5.79014e-14
5.63846e-14
2.95977e-13
3.83668e-13
4.61134e-13
1.43203e-13
1.36691e-13
3.93206e-13
1.71779e-13
2.08323e-13
5.23913e-13
4.07281e-13
2.18469e-13
2.17761e-13
2.22077e-13
1.42633e-13
1.38319e-13
2.75734e-13
2.14744e-13
1.69418e-13
4.82369e-14
3.53273e-14
1.12403e-13
1.39623e-14
6.39212e-15
5.13513e-15
2.44729e-15
2.74471e-15
2.61817e-15
1.5427e-15
1.05606e-15
7.60569e-16
1.62813e-15
5.04142e-16
7.24282e-16
9.14509e-16
1.30495e-15
1.29725e-15
1.17598e-15
1.89972e-15
1.40835e-15
1.88912e-15
1.47024e-15
1.81371e-15
