0.698803	0.0650915	-0.00653556
0.695474	0.0986723	-0.0142026
0.699502	0.0751377	0.00687576
0.697074	0.0712292	-0.00491817
0.710771	0.0760805	-0.0196261
0.696514	0.0902473	-0.00124469
0.695833	0.0826925	-0.00476628
0.68706	0.0867382	-0.0168772
0.706085	0.0788426	-0.00714356
0.691249	0.0835527	-0.00839237
0.698987	0.098246	0.00506078
0.695658	0.0922073	0.0065425
0.692438	0.0773455	0.00760463
0.701096	0.10476	0.00300497
0.694047	0.0941835	-0.0115963
0.686012	0.0773587	-0.00914663
0.690139	0.0780388	0.00368091
0.691116	0.0800865	-0.00869816
0.697085	0.0991396	-0.00593077
0.687217	0.114399	0.00296284
0.68009	0.0963613	0.0015954
0.689048	0.101011	-0.017646
0.689564	0.0948663	-0.007893
0.689926	0.0691532	-0.0100091
0.701642	0.0789694	0.0101573
0.71169	0.0795682	0.013749
0.681289	0.0809502	0.0103722
0.686685	0.0929848	0.00236618
0.715726	0.0900117	0.0123532
0.714638	0.0891217	0.0150739
0.683064	0.080228	0.00205115
0.703788	0.0800089	0.00158879
0.679175	0.0872658	-0.014773
0.68539	0.100979	0.0201718
0.682232	0.0931052	0.0190183
0.697209	0.0919241	-0.00356092
0.683561	0.0878379	-0.0127938
0.684929	0.0913053	0.00927529
0.703327	0.083709	-0.0143254
0.680081	0.103904	0.00155521
0.70488	0.0962283	-0.0174947
0.684808	0.091571	0.0177373
0.686913	0.073901	-0.00255569
0.685463	0.0777958	-0.00956448
0.706393	0.10444	0.00621816
0.679114	0.0810288	0.000453509
0.688251	0.0747284	0.0238094
0.689478	0.0796796	-0.00318013
0.71838	0.101115	-0.0139829
0.687261	0.0847877	-0.00113737
0.687109	0.0843138	-0.00312868
0.700678	0.093426	-0.0107473
0.697625	0.0822529	0.00356836
0.679663	0.0958113	0.00593342
0.694981	0.090436	-0.000913515
0.691439	0.0852645	0.00799198
0.698847	0.081936	-0.0126426
0.682247	0.0679353	-0.0145827
0.702208	0.0759387	-0.00207193
0.699964	0.0750973	0.00915618
0.690862	0.0935093	0.00543384
0.713026	0.0706204	0.00596178
0.711905	0.082449	0.0146712
0.678996	0.0884711	0.00419456
0.69144	0.0801973	0.00304737
0.684974	0.0927676	0.00850065
0.701146	0.0949943	0.017139
0.70466	0.0895374	-0.0026361
0.673041	0.111349	-7.37944e-05
0.679709	0.0750213	0.0132994
0.687001	0.0898062	0.000174851
0.72396	0.0737684	-0.00849885
0.682019	0.0921429	-0.00509629
0.699312	0.0877327	0.0104089
0.684548	0.0991843	0.000207623
0.682214	0.0595365	-0.0049718
0.687602	0.0760359	-0.00534224
0.680321	0.0885308	0.0078222
0.691912	0.0808918	0.00416581
0.701565	0.102058	0.0173572
0.691144	0.0902362	0.00660399
0.701124	0.0780889	-0.00304477
0.703393	0.0845938	-0.0160953
0.691873	0.0906809	0.0137245
0.685336	0.0772149	-0.00270165
0.697402	0.0765393	0.0132542
0.696939	0.0868678	-0.00500409
0.68988	0.087826	-0.00244834
0.689532	0.0835933	0.00335938
0.701734	0.0869478	0.00353589
0.690193	0.0844198	0.00700877
0.69587	0.0831239	0.00253323
0.694713	0.0773789	-0.0113263
0.696588	0.0648127	0.00664532
0.690011	0.0858081	-0.01129
0.681889	0.0963655	0.0114927
0.666718	0.0812151	0.00401391
0.696754	0.089477	0.0103029
0.682331	0.0845224	-0.0126406
0.692965	0.083407	-0.00615059
0.68871	0.103513	-0.0126126
0.700609	0.0878637	-0.00193231
0.70283	0.0822004	0.00790512
0.682255	0.0804947	-0.00570413
0.684201	0.0865762	-0.00325172
0.695351	0.0712972	-0.00778742
0.682745	0.0876131	0.00992434
0.702657	0.0856449	0.00228601
0.712915	0.0943569	0.00896076
0.703108	0.0977607	-0.00436663
0.674894	0.0980338	-0.0154151
0.691241	0.108066	-0.00975671
0.711442	0.0766242	0.00382111
0.704836	0.092409	-0.00436797
0.710615	0.104548	-0.0239602
0.71	0.0852632	-0.0137722
0.69746	0.0900675	0.00352652
0.682091	0.077184	0.00360659
0.694235	0.0718906	-0.0172048
0.705294	0.0751165	-0.0148659
0.694697	0.0745751	-0.00239565
0.703391	0.084098	0.0246544
0.699871	0.0851494	0.0140484
0.695378	0.0788666	-0.00491702
0.68197	0.0782335	0.00388427
0.708302	0.0848078	-0.0173726
0.711504	0.0615223	0.000888588
0.702543	0.0912491	-0.0005021
0.697418	0.103293	0.0167413
0.699632	0.0852569	-0.00355165
0.68714	0.0752226	0.0244861
0.684362	0.07411	0.00257973
0.700364	0.0910126	3.91693e-05
0.676906	0.0821909	0.00807706
0.698181	0.0850131	-0.0019471
0.714394	0.103328	0.00125452
0.714717	0.0688319	-0.00756612
0.699781	0.0826444	-0.00147571
0.691637	0.0870623	-0.0021355
0.708403	0.0809834	-0.00320559
0.702487	0.0875042	-0.0120599
0.708356	0.0674485	-0.000587774
0.682069	0.0916287	-0.00188343
0.692329	0.0882812	-0.00806245
0.678028	0.0944281	0.0160054
0.711051	0.0745814	-0.00540575
0.694723	0.0821296	-0.0276274
0.7007	0.093831	-0.00576359
0.67372	0.0780822	-0.00938549
0.676205	0.0989863	0.0043876
0.703415	0.099525	-0.00406661
0.695246	0.0802506	-0.000457908
0.697969	0.087642	0.006012
0.692355	0.0850051	-0.00129519
0.676166	0.100992	0.0100333
0.702387	0.102939	-0.00717795
0.680749	0.108777	-0.00312479
0.673815	0.0816893	0.00240186
0.681973	0.10155	0.00568783
0.702505	0.0771171	-0.000650307
0.668063	0.0921552	-0.011123
0.69183	0.0808103	-0.011001
0.697116	0.0798161	-0.00358333
0.709531	0.0955751	-0.00288104
0.679912	0.0979883	-0.0139944
0.708604	0.0712087	-0.00280419
0.706825	0.090551	-0.0115338
0.682131	0.0811636	-0.01876
0.699863	0.101959	-0.00746474
0.704594	0.0772803	-0.00246683
0.705934	0.0957899	-0.0111005
0.700017	0.0946486	0.0035933
0.704127	0.0843017	-0.0146173
0.708837	0.0809066	0.00141045
0.69695	0.091113	0.0198073
0.697288	0.0890183	0.0107464
0.702672	0.0827871	-0.00283872
0.696314	0.0992702	0.0229067
0.677247	0.0894317	-0.0225425
0.70231	0.0867572	0.0280993
0.700559	0.0970923	0.0102477
0.701455	0.0769629	0.0107312
0.705868	0.0763525	0.00867277
0.720369	0.0733345	0.00960352
0.689723	0.0918239	0.00157435
0.692276	0.0882863	-0.00133697
0.693837	0.0839752	-0.000998565
0.693394	0.0950201	0.00108181
0.700511	0.10245	0.00729041
0.700774	0.0968935	-0.00969912
0.687314	0.0843006	0.00525499
0.699958	0.0952633	0.00627095
0.688997	0.0937656	0.0139411
0.701469	0.0792529	-0.0115223
0.685051	0.0887487	0.0175932
0.703554	0.0768579	-0.00595873
0.696599	0.0892572	0.00944143
0.697204	0.084416	0.0137527
0.693051	0.0930158	-0.00311425
0.685719	0.0791062	0.0303869
0.699047	0.0896417	-0.00221276
0.692819	0.0969584	0.00649078
0.685597	0.0905959	0.00549769
0.709727	0.0906059	-0.00223517
0.682162	0.0790146	-0.00617707
0.692011	0.0953605	0.000248931
0.713179	0.0829982	-0.00636524
0.701054	0.100373	-0.00730769
0.685571	0.0902946	-0.0029639
0.701396	0.0950794	0.00294369
0.677242	0.0795195	0.00464887
0.66529	0.109457	0.0198496
0.696415	0.0973496	-0.00481813
0.688821	0.0936343	-0.00133346
0.696524	0.0816829	-0.00432189
0.699501	0.106904	0.00803961
0.681476	0.0872795	-0.00686614
0.716492	0.0913462	-0.0122219
0.6977	0.0819871	0.00311717
0.689	0.104918	-0.000488982
0.680687	0.102761	0.00987844
0.711589	0.0701383	-0.00522979
0.692964	0.0961343	-0.00989545
0.673123	0.0864614	0.000269702
0.694665	0.09841	-0.00815991
0.685625	0.100199	-0.00197929
0.671881	0.0675889	-0.00152292
0.704727	0.106246	0.00970491
0.700566	0.0924355	0.00221258
0.698757	0.0992606	0.00615346
0.689788	0.0695738	-0.00910321
0.686632	0.0820288	-0.00497737
0.688919	0.0803437	0.0125017
0.703222	0.0947913	0.0114826
0.699533	0.100489	0.00786724
0.698014	0.0828308	0.00137855
0.690305	0.083207	-0.00245847
0.68956	0.0931503	0.00504952
0.704125	0.0744427	0.0102263
0.704464	0.0835857	0.00567822
0.688021	0.0997333	-0.0103528
0.693312	0.091365	-0.00720089
0.704062	0.102227	-0.00582836
0.681241	0.0898731	0.000980618
0.698767	0.0838541	-0.00570733
0.696127	0.0884341	0.00622598
0.685084	0.0910212	-0.00530859
0.681181	0.0856709	0.00505754
0.697794	0.0849483	0.00479648
0.675641	0.0936633	-0.0102687
0.698061	0.0843262	0.00459605
0.698323	0.107353	-0.00913688
0.705947	0.0928137	0.00926262
0.691661	0.0905536	-0.00457124
0.723112	0.0762701	-0.00404515
0.690298	0.0861578	0.00491993
0.695558	0.10116	0.0145147
0.691813	0.0823165	0.00470582
0.678411	0.102533	-0.0152868
0.707019	0.0728023	0.00221518
0.664512	0.0850687	0.0138395
0.690609	0.0821012	-0.0141889
0.71106	0.0744188	0.022794
0.694846	0.0903981	-0.00202739
0.690771	0.0769003	0.00124242
0.689782	0.0780189	-0.015837
0.674021	0.102722	0.00754613
0.687987	0.0869808	0.0144474
0.702451	0.0849784	0.00519303
0.697696	0.0825743	-0.00623173
0.692084	0.0733601	6.53409e-05
0.688441	0.0884459	-0.000893896
0.702005	0.094648	0.018058
0.692441	0.0945164	0.00411393
0.694777	0.0833197	-0.0050395
0.716848	0.0844263	0.0154822
0.683154	0.0960105	0.000631197
0.703352	0.0893405	-0.0109888
0.686446	0.0854649	0.0111472
0.692557	0.0632937	0.00131879
0.689639	0.0783167	0.000724885
0.706259	0.10243	-0.0024125
0.694556	0.0731926	-0.00415459
0.688753	0.0944295	0.0045595
0.681316	0.109503	0.00395657
0.682735	0.108817	0.000871537
0.694478	0.0784456	-0.0170873
0.684895	0.0660226	-0.00597799
0.676296	0.0896463	-0.0226232
0.683832	0.0822527	0.0174642
0.686158	0.0881315	0.00273659
0.673596	0.0867237	-0.012799
0.706998	0.0855915	0.00464092
0.706662	0.0894289	0.00125402
0.707243	0.104731	0.00175696
0.686193	0.105758	0.00330908
0.697668	0.102116	-0.00343096
0.711759	0.0929669	-0.00456723
0.707581	0.083649	0.0150111
0.677265	0.0881951	0.00185448
0.706151	0.0776952	0.00508735
0.697781	0.0604528	-0.00360065
0.68181	0.0916124	-0.0127533
0.714717	0.0839483	0.00852619
0.709177	0.0729738	0.00476841
0.712932	0.0853695	0.00409257
0.685265	0.0879491	-0.0143481
0.682581	0.0891982	0.000625376
0.694613	0.0783116	0.00236343
0.686444	0.0779358	-0.00639793
0.701042	0.104844	-0.00112322
0.699197	0.0788063	0.00605512
0.693675	0.0763089	-0.0155202
0.682035	0.0974637	-0.00026877
0.688026	0.0931256	0.00113816
0.704947	0.0942363	-0.00665238
0.67928	0.0892322	0.0215765
0.699164	0.0900585	-0.00491474
0.697056	0.0834083	-0.00375007
0.693534	0.0943913	-0.00200172
0.684708	0.0782994	0.024378
0.676355	0.0596113	-0.000983799
0.692761	0.0975916	-0.0184157
0.678587	0.096796	0.0169796
0.703852	0.0902276	0.00944403
0.683	0.0977843	-0.0177543
0.678632	0.10187	0.00666522
0.709782	0.0883845	0.00449468
0.672566	0.0841593	0.00909245
0.69388	0.0867459	-0.00649994
0.701201	0.0929438	0.0194726
0.702899	0.0733318	-0.00518312
0.692129	0.0941968	0.00271272
0.689532	0.0912636	0.00876136
0.698444	0.0891456	-0.00598959
0.696798	0.0814128	-0.00277497
0.699122	0.0880786	-0.00141102
0.684363	0.080475	-0.000860377
0.687811	0.10244	0.00345226
0.683995	0.0865934	-0.0117632
0.680041	0.0859348	0.0153657
0.700968	0.0833444	-0.0117697
0.685463	0.0965592	0.0035463
0.694316	0.0886853	-0.00759531
0.695832	0.0979362	0.000197958
0.715244	0.102936	0.00330632
0.686187	0.103479	-0.0115555
0.686471	0.0766683	-0.000373242
0.689805	0.0967447	-0.00337346
0.71031	0.0887403	0.00640577
0.701393	0.0708466	0.00152155
0.690118	0.0790312	0.00180918
0.696298	0.069748	-0.00772813
0.695081	0.0810284	0.0152628
0.692109	0.0781004	0.00438041
0.679041	0.0942838	-0.00328668
0.712404	0.072784	0.00356545
0.698497	0.0817494	0.00432894
0.686833	0.0791844	-0.000842333
0.68301	0.101279	0.00679129
0.703367	0.0833499	0.00487697
0.695241	0.103431	-0.00141967
0.695526	0.102634	-0.0200115
0.700236	0.0927587	-0.0104374
0.697731	0.0819758	-0.00148075
0.707232	0.0916448	0.00810989
0.701591	0.110418	0.00367211
0.699754	0.0794332	0.00585371
0.698064	0.0912079	0.0112174
0.686569	0.108297	0.0156316
0.70063	0.0851077	0.0132027
0.710566	0.0804134	0.00629188
0.681602	0.0921632	-0.0128894
0.703778	0.0813555	-0.0058849
0.691704	0.0721556	-0.00485836
0.688996	0.0726967	-0.0105123
0.701224	0.0937255	-0.00264183
0.691959	0.0939002	0.00568276
0.703835	0.0867847	-0.00991607
0.69873	0.103534	0.00532132
0.708465	0.0930765	-0.00660127
0.69309	0.0705482	-0.00432999
0.692665	0.103766	0.00628715
0.694162	0.0896393	-0.00502894
0.67955	0.101056	-0.00646787
0.680476	0.07421	-0.00260205
0.700413	0.0805904	0.00239176
0.703681	0.0688619	-0.000106111
0.67818	0.0593516	-0.00491693
0.6939	0.0683305	0.00425618
0.691626	0.0655135	0.00732727
0.69299	0.0803564	-0.00334202
0.685299	0.0754082	-0.0171916
