0.700777	0.0859548	-0.00712054
0.714813	0.100965	-0.0146764
0.707975	0.0801315	0.0129712
0.690872	0.074661	-0.0198795
0.697434	0.0826853	-0.00800856
0.699123	0.0928665	-0.00336693
0.684673	0.0825951	0.0152854
0.703167	0.0947556	-0.0106059
0.71803	0.0899496	0.0159453
0.688673	0.0984889	-0.0089947
0.680851	0.0818421	0.00627332
0.667683	0.0918001	0.00346011
0.693582	0.092542	0.00592277
0.685692	0.0885195	0.00896986
0.695055	0.0736589	0.0124054
0.696475	0.0754041	-0.0144972
0.699712	0.0781525	-0.00463323
0.683358	0.0787106	0.00753062
0.685878	0.075001	0.00270309
0.700802	0.0776556	0.00558151
0.698002	0.0879979	0.00707849
0.680656	0.0870518	-0.0172517
0.69176	0.105684	-0.0103938
0.684424	0.079027	0.0113548
0.708424	0.0967463	0.00657376
0.685373	0.0705641	-9.50071e-05
0.700193	0.097494	0.0120221
0.691344	0.0773713	-0.00481826
0.69777	0.0723955	-0.00888752
0.707004	0.104232	0.00185823
0.688228	0.0870493	0.000119713
0.687785	0.109144	-0.0208042
0.683863	0.0862568	0.0222469
0.688107	0.0919376	-0.015084
0.693172	0.0883953	-0.0106791
0.692274	0.0843901	0.00341739
0.694682	0.0665245	-0.0117065
0.688678	0.0935605	0.00345996
0.686128	0.0794194	0.01496
0.714541	0.0787462	-0.00212882
0.706729	0.0807004	0.00427559
0.702596	0.0779197	0.00230718
0.715532	0.0751386	0.00252263
0.702883	0.0829956	0.00285698
0.684397	0.0961364	-0.0109722
0.693497	0.101475	0.0180519
0.680581	0.0749694	-0.00189688
0.696758	0.0914994	0.00053233
0.694883	0.106443	0.0230717
0.691515	0.0852674	-0.00534308
0.693454	0.10504	0.0149209
0.690134	0.101792	0.00083488
0.685612	0.0848163	0.0120013
0.709221	0.0806214	-0.00155562
0.703393	0.099421	-0.00404447
0.686905	0.091797	-0.00527569
0.69964	0.0829268	-0.00138362
0.698945	0.0874717	0.00360103
0.683542	0.0922659	0.00687499
0.714873	0.0850981	0.0126267
0.700984	0.0988851	0.00727103
0.687704	0.0868327	0.00285499
0.691948	0.089541	0.0156735
0.695234	0.0882198	-0.00341948
0.685752	0.0863154	0.00144427
0.70161	0.101588	0.0188901
0.6945	0.0887126	-0.00400786
0.696102	0.0800256	0.00448252
0.685191	0.0888221	0.00187687
0.685055	0.0929768	0.00164935
0.686642	0.0815604	-0.00380357
0.68622	0.0885456	-0.000211577
0.692681	0.0927028	-0.00660265
0.698082	0.090418	-0.00487313
0.688767	0.0873017	0.0111179
0.698257	0.0879818	-0.00173702
0.704774	0.0926231	-0.0137498
0.689647	0.0956464	0.0124845
0.694966	0.0820782	-0.00472923
0.700869	0.0949865	-0.0137713
0.704047	0.109942	0.00868651
0.684625	0.0879146	0.00358188
0.69023	0.0844516	-0.00546942
0.695354	0.0824771	-0.0203662
0.709798	0.088232	-0.00568895
0.716105	0.0966076	0.00245771
0.688887	0.086976	0.00900559
0.729338	0.0660898	0.00839008
0.691081	0.0688206	-0.00620968
0.704074	0.0834391	0.00708314
0.702717	0.0890467	0.00954889
0.7049	0.0780953	-0.0131215
0.698653	0.0868235	-0.00467306
0.686244	0.0702572	0.0140208
0.698669	0.100273	-0.00589875
0.702739	0.0989465	-0.00240888
0.690282	0.0890002	-0.010995
0.696748	0.0864477	0.0102095
0.695232	0.0925717	0.0157797
0.685173	0.0877563	0.0184861
0.690534	0.0876519	0.00558129
0.689505	0.0996735	-0.00106627
0.704216	0.0847665	0.00165099
0.686632	0.0781143	-0.00804323
0.686233	0.0915106	-0.00677359
0.697554	0.0729453	-0.00742954
0.681447	0.0963698	0.0154535
0.696294	0.0929643	0.0173529
0.710013	0.0735908	0.00734944
0.683049	0.0738074	0.0118709
0.693321	0.0981553	-7.41456e-05
0.681544	0.0825769	-0.0102624
0.694062	0.0716589	-0.00866023
0.697243	0.0948695	0.00532299
0.694336	0.0998589	-0.000709051
0.687204	0.0927062	0.00840774
0.699868	0.0884452	0.00251382
0.693866	0.0804422	0.0033826
0.701156	0.0864806	0.0140937
0.698527	0.0950795	0.00294059
0.701554	0.0610557	-0.00740834
0.706458	0.0643628	-0.013372
0.691505	0.090693	0.00354644
0.707024	0.100534	-0.00367556
0.711271	0.100915	0.0217618
0.687761	0.0803707	-0.00494073
0.689559	0.0806996	0.0236631
0.692314	0.0813267	-0.00254758
0.691296	0.0940441	0.00276592
0.700942	0.0706877	0.0105779
0.700749	0.0636174	-0.00154158
0.707767	0.0873275	-0.00484337
0.709007	0.0744248	0.0133352
0.696487	0.0879693	0.00152139
0.669645	0.0824515	-0.00399401
0.682841	0.0828355	0.00251115
0.704212	0.0946338	-0.0110226
0.689175	0.100727	-0.00991606
0.699847	0.094202	-0.0123682
0.679147	0.0824631	-0.00192889
0.679634	0.0881522	0.0092944
0.705803	0.0772384	0.00279076
0.7113	0.0805627	-0.00574641
0.687261	0.0926775	-0.000779572
0.687972	0.0809227	0.000220591
0.681889	0.0896616	0.00819025
0.694718	0.100678	-0.00254752
0.694297	0.0943876	0.00816324
0.68828	0.0970935	0.00176132
0.697314	0.0940541	0.00357028
0.70899	0.0960021	0.00048447
0.713364	0.0840637	0.00396553
0.702108	0.0765691	0.00860177
0.699464	0.0769799	-0.00779932
0.704494	0.0839898	-0.000307474
0.675124	0.092655	0.000408624
0.699599	0.078386	-0.00259591
0.702585	0.108307	-0.00490635
0.699302	0.102405	0.00856655
0.704097	0.0765662	-0.0118963
0.705795	0.0918235	0.00497875
0.70094	0.108376	0.0011334
0.696301	0.0822329	0.0146914
0.699033	0.083344	-0.0144886
0.704665	0.0705037	-0.0172298
0.70553	0.0835839	-0.0063929
0.695831	0.0827395	0.0174761
0.680885	0.0779262	-0.00198325
0.690383	0.0852571	0.00740512
0.693869	0.0618046	-0.0154933
0.694693	0.103509	0.0162648
0.706506	0.0750703	-0.0113519
0.697334	0.0863393	0.00569439
0.680971	0.0919468	0.00374816
0.697922	0.0902982	-0.00461925
0.696158	0.0811431	0.0224438
0.696908	0.0672421	-0.00624672
0.687957	0.0980003	0.00880187
0.695666	0.0931219	-0.00636091
0.6792	0.0977428	-0.00349055
0.706257	0.100738	-0.00856808
0.698619	0.0875795	-0.00378668
0.701423	0.0873029	0.00197852
0.690299	0.100667	0.0131814
0.704792	0.0818142	0.0222577
0.692548	0.0859036	0.00194267
0.696058	0.0996625	-0.00821614
0.685848	0.0771598	-0.00658576
0.699034	0.0857792	-0.00148526
0.699114	0.0919869	-0.0052152
0.695599	0.0838999	0.00811516
0.681961	0.090238	-0.00409342
0.686292	0.0832579	-0.000966899
0.703878	0.104976	0.0244704
0.705842	0.0745168	0.00209312
0.684631	0.0850034	0.00972661
0.695673	0.111932	0.010931
0.700683	0.0920297	0.00336892
0.692125	0.0775796	-0.00877033
0.688628	0.0980203	0.0031441
0.698343	0.0872403	-0.00756847
0.721402	0.0841906	-0.0103658
0.688137	0.0892423	-0.000138006
0.687164	0.0914095	0.00551345
0.705547	0.0748688	0.00344033
0.691327	0.092848	-0.0140775
0.694812	0.0957072	3.94036e-06
0.711226	0.106388	-0.0174031
0.694899	0.0852441	0.00203811
0.692335	0.0896006	0.00259699
0.683025	0.0799999	-0.00867693
0.712028	0.0837566	0.0139725
0.703081	0.0973507	-0.00730659
0.688754	0.0915822	-0.0161634
0.69804	0.0863345	0.0129594
0.707549	0.0846353	0.00010876
0.690993	0.0822961	-0.00103517
0.691464	0.0855707	0.00106549
0.709437	0.0800106	0.0220896
0.697202	0.0848665	-0.012334
0.686563	0.0910358	-0.0135882
0.68984	0.0828183	0.00344252
0.689973	0.0997017	0.0128645
0.686945	0.0994977	-0.0162943
0.707796	0.0920936	0.00616186
0.678363	0.0910018	-0.000968057
0.690471	0.0872777	-0.0119093
0.701578	0.0862129	0.00401453
0.704788	0.0714434	-0.0142641
0.694285	0.0898858	0.000738707
0.682362	0.0791206	-0.00393359
0.696383	0.0820014	-0.00119842
0.71034	0.0854025	0.00783683
0.692063	0.0762638	-0.00583064
0.698562	0.0869402	-0.0117422
0.693088	0.0674518	-0.00210939
0.674409	0.0789956	0.00504903
0.704894	0.0893447	0.00985235
0.685469	0.100947	-0.025215
0.6896	0.0792162	0.00963461
0.703427	0.0849664	0.0131972
0.69945	0.094548	0.00284675
0.682356	0.0811314	0.00920624
0.694531	0.0839059	0.00213591
0.691046	0.0900192	-0.00197233
0.687266	0.0860122	0.00338735
0.699824	0.08935	0.00198864
0.708488	0.0910976	-0.00782793
0.701656	0.0855254	0.00407476
0.712164	0.0935642	0.00816994
0.694566	0.0830141	0.0148704
0.689099	0.0810586	-0.00532072
0.702491	0.0798731	0.00386023
0.694133	0.0801512	0.00599054
0.707349	0.0825495	-0.00136512
0.702589	0.0874577	-0.00261133
0.701127	0.104356	-0.00648637
0.685527	0.113779	0.00299621
0.684916	0.0914256	-0.00367989
0.695606	0.0866391	-0.00130557
0.6766	0.0857881	0.00866148
0.696012	0.0847002	0.0148182
0.700538	0.0829684	-0.00273275
0.704777	0.0725214	-0.00660303
0.704297	0.0884221	-0.00049588
0.682007	0.0829986	0.00919691
0.694593	0.0808737	-0.000998503
0.703178	0.0710107	-0.00255195
0.702441	0.0967859	-0.00362905
0.703296	0.0824546	-0.00751234
0.691139	0.0822872	0.0131303
0.706418	0.0876279	0.000639797
0.700788	0.100492	0.0082537
0.678956	0.079289	0.018762
0.689089	0.0938151	0.00673749
0.676875	0.103637	-0.00720807
0.687064	0.0840123	0.0141043
0.692896	0.105847	-0.000482468
0.706275	0.0675194	0.0155703
0.687173	0.071955	0.00430787
0.687218	0.0795152	-0.00559679
0.675022	0.0897805	0.00826631
0.689765	0.0896192	-0.00823213
0.695026	0.095766	-0.000518958
0.699853	0.0685146	-0.00827231
0.698487	0.0848258	-0.0149279
0.696771	0.0877429	-0.0103527
0.696273	0.0644719	-0.00530368
0.687253	0.0772645	-0.0132274
0.689941	0.0918145	-0.00213424
0.699599	0.0918372	0.00449717
0.693683	0.0856892	-0.00730931
0.690843	0.0979802	0.00355314
0.694367	0.094346	-0.00138467
0.688426	0.0925028	-0.00899473
0.714598	0.0935947	0.0020102
0.686492	0.079535	-0.0162576
0.68413	0.0962204	0.00586982
0.68723	0.0849787	0.010895
0.696451	0.10167	-0.00159467
0.701861	0.0935302	-0.00274026
0.686642	0.0903214	0.00133188
0.688494	0.106129	0.00520032
0.696326	0.0736821	0.00108854
0.673735	0.0815117	-0.0098959
0.700068	0.0781126	0.0068119
0.697316	0.0952841	-0.00332743
0.689281	0.0853151	-0.0222781
0.709251	0.0784851	-0.00459463
0.693401	0.0938027	0.015237
0.696287	0.0917275	0.00234076
0.708251	0.0842218	0.00201599
0.701676	0.0953097	-0.00209463
0.704579	0.0911667	-0.00460598
0.695126	0.0961674	0.00507535
0.686762	0.088936	0.000437632
0.70134	0.077203	0.018303
0.693242	0.0894572	-0.00185473
0.689719	0.0548818	0.00366735
0.6853	0.0908532	-0.011447
0.674636	0.0846022	-0.00138786
0.686152	0.0841521	0.010702
0.685527	0.0883883	0.00316356
0.708806	0.0860346	-0.000990791
0.695101	0.101287	-0.00802491
0.69599	0.0847397	0.00347038
0.728953	0.0730633	0.00224418
0.685318	0.0854288	0.0155705
0.702695	0.0925222	0.00489321
0.696204	0.0842066	0.00636272
0.702256	0.0772417	0.0213002
0.701694	0.0794458	-0.00651198
0.679998	0.0908123	0.00679985
0.69944	0.0812101	0.0087203
0.693899	0.0847969	0.0219428
0.69844	0.0634858	-0.00282818
0.687073	0.082557	0.00591655
0.69275	0.0929773	-0.0104469
0.701799	0.0943325	-0.0299102
0.690321	0.0704574	-0.0106444
0.698232	0.103843	-0.0125671
0.707118	0.0904605	0.000452229
0.703946	0.0953132	-0.00884444
0.687178	0.0923391	0.00236978
0.699401	0.079582	-0.00210217
0.698394	0.0811391	-0.00326068
0.703791	0.0777999	-0.000632906
0.678576	0.0966124	-0.00441228
0.707072	0.0737381	0.00121705
0.702604	0.0750096	-0.00557548
0.696282	0.0973935	0.00156728
0.698813	0.0995139	-0.0188485
0.69876	0.0829795	0.0110505
0.69258	0.100552	0.00893191
0.705572	0.0818765	-0.00177446
0.667693	0.0919029	-0.012927
0.681836	0.0790784	0.0149631
0.68891	0.0953883	0.0165373
0.691933	0.0808603	0.0059748
0.695527	0.0904191	-0.00120344
0.689902	0.0828616	0.00555905
0.693135	0.0789412	0.00256975
0.698971	0.0899185	0.00498363
0.686395	0.0776105	-0.00942948
0.70783	0.07943	0.000439481
0.665534	0.0951692	-0.00123954
0.702534	0.0863348	0.00891146
0.707545	0.0972131	0.00973076
0.697387	0.11437	0.0248232
0.678539	0.0808258	0.0086532
0.677486	0.0804911	0.017302
0.681955	0.100838	-3.15721e-05
0.68845	0.0932728	0.00832689
0.692833	0.0814708	-0.00543879
0.699646	0.0959888	-0.00534443
0.70189	0.0916081	-0.0135224
0.69004	0.0780323	0.0169928
0.702223	0.0878442	-0.0034276
0.704885	0.0865873	-0.00605297
0.718114	0.0924671	-0.0039968
0.689324	0.0809854	-0.00148123
0.694895	0.0747771	-0.00359264
0.7042	0.085153	0.0159547
0.694965	0.0735906	0.00454425
0.694256	0.0960645	-0.00291198
0.686378	0.0771164	-0.0065325
0.695659	0.0767461	-0.00630676
0.687932	0.0925726	0.00803237
0.696074	0.0639316	-0.0122925
0.69603	0.0824072	0.00892965
0.695109	0.096632	-0.0218848
0.679908	0.070934	-0.0158311
0.708531	0.0890041	-0.0143501
