0
0
0
0
0
0
0
0
0
0
0
0
0
0
0
0
0
0
0
0
0
0
0
0
0
0
0
0
0
0
0
0
0
0
0
0
0
0
0
0
0
0
0
0
0
0
0
0
0
0
0
0
0
0
0
0
0
0
0
0
0
0
0
0
0
0
0
0
0
0
0
0
0
0
0
0
0
0
0
0
0
0
0
0
0
0
0
0
0
0
0
0
0
0
0
0
0
0
0
0
0
0
0
0
0
0
0
0
0
0
0
0
0
0
0
0
0
0
0
0
0
0
0
0
0
0
0
0
0
0
0
0
0
0
0
0
0
0
0
0
0
0
0
0
0
0
0
0
0
0
0
0
0
0
0
0
0
0
0
0
0
0
0
0
0
0
0
0
0
0
0
0
0
0
0
0
0
0
0
0
0
0
0
0
0
0
0
0
0
0
0
0
0
0
0
0
1.60922e-19
9.18704e-19
7.96207e-18
8.99461e-17
9.15004e-16
1.82257e-15
1.69581e-14
5.71264e-14
2.56778e-13
9.29722e-13
3.10456e-12
3.08895e-11
1.42497e-10
3.82182e-10
1.55026e-09
3.66464e-09
1.16901e-08
4.265e-08
1.26291e-07
5.02767e-07
2.03959e-06
5.76555e-06
1.90095e-05
5.99914e-05
0.00016621
0.000253338
0.000640436
0.00167225
0.00284598
0.00599931
0.0109156
0.0273249
0.0336026
0.0591804
0.0686762
0.0940168
0.0923024
0.16173
0.221723
0.368542
0.399463
0.790403
1.47895
1.98398
2.61074
3.57231
4.03811
5.03767
6.40814
9.3991
11.0642
13.0556
16.2677
19.5796
18.6499
18.7646
16.8148
12.0823
9.41643
7.29201
7.38397
8.90996
7.77905
10.3686
15.2792
17.2863
21.6573
28.6698
38.1561
63.6558
56.2363
38.4318
44.3614
31.3735
35.253
25.2182
22.9927
17.5984
17.2945
19.2738
16.224
16.2928
17.3199
18.0731
17.5831
21.3495
13.772
8.74413
6.84826
9.37772
4.90901
3.83007
3.99212
4.16669
4.11148
5.5168
5.28733
13.4954
14.9795
18.4755
14.7689
16.1483
17.9696
13.7457
11.409
7.41235
5.1783
3.53282
2.56469
1.46762
1.2057
1.09089
1.04934
1.64097
1.67478
1.67395
2.72627
2.92928
3.17154
4.79902
5.70822
6.89099
5.77366
4.7802
3.91051
2.39132
1.88242
1.95316
2.0191
1.50328
1.53707
1.41149
1.25289
1.33586
1.93603
1.51886
1.77637
1.72328
1.97038
2.97706
2.88858
2.14088
1.43892
1.31232
1.44823
2.59632
3.99826
8.11742
14.8435
18.2285
13.6764
15.258
21.3628
19.0763
19.398
22.4468
17.0983
14.5791
14.7161
12.1519
12.21
9.27411
6.85247
5.15286
4.22401
2.84289
1.64313
1.05851
0.70527
0.509251
0.240241
0.117485
0.123921
0.182442
0.387438
0.597835
0.554561
0.48095
0.306498
0.350541
0.35496
0.309871
0.310414
0.183589
0.201407
0.24208
0.200503
0.170843
0.169998
0.195816
0.20072
0.371133
0.547984
0.868016
1.06117
1.5605
3.45022
