0.704175	0.0881966	-0.00728403
0.684403	0.111165	0.0131481
0.682591	0.0981426	-6.95913e-05
0.707278	0.0952612	0.00274484
0.691879	0.0998433	-0.0184244
0.687598	0.0896902	0.0150308
0.68176	0.0932993	0.00183783
0.687855	0.0940386	-0.0060743
0.692216	0.0732796	0.00397939
0.683974	0.0857849	-0.00588725
0.694481	0.0767919	-0.00472303
0.694698	0.0857214	0.00728157
0.699528	0.0747212	-0.00967649
0.70972	0.101139	0.00139221
0.688665	0.0904828	0.00346344
0.69695	0.071732	0.02311
0.704266	0.0911382	-0.0173603
0.687624	0.106198	0.0150462
0.71963	0.0780825	0.00502052
0.69296	0.0850347	0.0116557
0.692254	0.096486	-0.0149861
0.694542	0.0900933	0.0154409
0.68768	0.0909021	-0.000531487
0.697117	0.0949669	0.00180985
0.697619	0.0848543	-0.00533153
0.697808	0.101515	-0.00774002
0.69604	0.0955696	-0.0139366
0.70234	0.0712189	0.0117773
0.69039	0.0825962	-0.00678429
0.696121	0.085774	-0.00618968
0.712752	0.0831214	0.000893352
0.699711	0.0744931	0.0107788
0.70793	0.0870725	0.00607811
0.68876	0.0922204	-0.00967796
0.687304	0.0835785	0.0210843
0.698561	0.105749	0.00380483
0.700317	0.0786633	-0.00356397
0.690416	0.0824509	-0.00253741
0.680772	0.09142	0.0104179
0.701656	0.0664122	-0.00169951
0.698872	0.0753189	-0.0061915
0.676729	0.0996862	-0.000427024
0.71149	0.0699931	0.0119978
0.696249	0.0981589	-0.00857956
0.7014	0.0956372	0.00643285
0.693187	0.0871556	-0.00216103
0.68542	0.0857345	0.0185792
0.696605	0.0901492	-0.00535733
0.692193	0.0761342	0.00282983
0.692435	0.103717	-0.00528935
0.686131	0.0960433	0.0212979
0.690307	0.0854264	-0.0100981
0.700964	0.0871581	0.0155107
0.70618	0.0804864	0.0204927
0.691772	0.0850557	-0.00460633
0.686696	0.0748013	-0.00691402
0.699622	0.108321	-0.00173354
0.697083	0.0855512	0.00408678
0.688311	0.0825388	-0.00487304
0.689713	0.078306	0.0120797
0.688947	0.0800627	0.00754795
0.693982	0.0848401	-0.00439141
0.717583	0.0870904	-0.00868541
0.689626	0.0932073	0.000575848
0.688466	0.0859104	-0.0142106
0.678284	0.0869623	0.0016962
0.70955	0.0800366	-0.0116025
0.687091	0.0778182	-0.0167527
0.685318	0.0873569	-0.0156258
0.695755	0.083646	0.0196171
0.688213	0.0976607	0.0192243
0.69279	0.0856168	-0.016685
0.710468	0.0989369	0.00634355
0.69534	0.0955747	0.00560462
0.683529	0.092062	-0.00281322
0.687297	0.0909311	0.00904073
0.669793	0.109408	-0.00141915
0.691156	0.0719848	-0.00162312
0.691967	0.0971969	0.00139165
0.695773	0.0868843	0.000337011
0.681848	0.0883437	0.00497948
0.691848	0.072656	-0.00627573
0.724836	0.0977578	-0.00545464
0.69423	0.0724196	0.00445725
0.6985	0.0917781	-0.010072
0.714092	0.095203	0.00172828
0.696504	0.094786	0.00477409
0.690166	0.0712792	-0.0151954
0.690961	0.0750425	-0.00557422
0.701488	0.0707424	0.0143167
0.67749	0.0899119	0.00110536
0.700061	0.0984498	0.000443005
0.690693	0.0735021	-0.00509531
0.695798	0.0816233	0.00387787
0.696636	0.0828527	-0.0062797
0.706797	0.0842361	-0.000680295
0.675219	0.0852897	0.0130667
0.694195	0.0895596	0.00265919
0.6842	0.0766546	0.00276718
0.697319	0.0725138	-0.0143649
0.688151	0.0759361	0.00835647
0.683312	0.094394	0.0040328
0.690499	0.0700203	-0.00506471
0.700327	0.0849302	-0.00328551
0.70022	0.10039	0.00574228
0.684669	0.0999384	0.00399082
0.681634	0.0823688	-0.00179672
0.699668	0.0778635	-0.0128427
0.703812	0.100089	0.0043737
0.692947	0.0784189	0.0283495
0.706424	0.0844442	0.0108805
0.689679	0.0755504	-0.00469633
0.692344	0.0782211	-0.00992816
0.699789	0.0576906	-0.0123405
0.685854	0.0784265	-0.0208741
0.700492	0.0937628	-0.00973106
0.705422	0.0851224	-0.00665125
0.702974	0.0911021	-0.00194145
0.696567	0.0854544	-0.00179127
0.700081	0.088158	0.00449301
0.712669	0.0869557	0.00883825
0.698149	0.0704676	-0.0153616
0.691904	0.0756339	-0.00241806
0.679689	0.0853228	-0.00474676
0.68391	0.0910201	0.00196851
0.692369	0.0920407	0.00286179
0.680989	0.08252	0.00872254
0.708536	0.080228	0.00627157
0.69391	0.0885941	0.0166141
0.693625	0.0823328	0.00385197
0.689969	0.0941818	0.00919935
0.68256	0.0784587	0.0167694
0.688072	0.0835801	-0.00721113
0.687962	0.0806179	0.00606202
0.691868	0.0926717	-0.00725106
0.68149	0.0901035	-0.00420716
0.699636	0.089792	0.0260853
0.713973	0.0923189	-0.0107795
0.704944	0.0786171	0.0156135
0.687759	0.0770298	-0.014871
0.697171	0.0772517	0.00551767
0.700656	0.088545	0.00974348
0.702839	0.0877775	-0.00776691
0.687922	0.106193	-0.0191648
0.701374	0.0916943	-0.00973594
0.701812	0.0863074	0.00990955
0.703684	0.0970002	0.000371979
0.683964	0.0899794	0.00446999
0.685087	0.0975983	-0.0117888
0.696986	0.0802696	0.00346839
0.683327	0.0789207	0.00499413
0.699562	0.0985031	-0.00422125
0.679529	0.0958843	-0.00067423
0.702341	0.0848287	0.00336024
0.700092	0.0910109	0.00729928
0.693999	0.0957409	0.000201517
0.698262	0.0925476	-0.00656488
0.692927	0.0955594	-0.010905
0.701849	0.09659	-0.00170488
0.707858	0.0861491	0.0131992
0.697363	0.0994361	0.00288857
0.716412	0.0755352	0.00158555
0.703201	0.100085	0.000466485
0.707499	0.0854162	-0.00275822
0.69306	0.0785389	0.00376658
0.677505	0.0898266	0.0107995
0.692726	0.0862258	-0.00772746
0.689469	0.0913183	-0.000893472
0.700109	0.093307	-0.00348638
0.696444	0.078953	0.00449545
0.680629	0.0798357	-0.00909494
0.701867	0.0876207	-0.00588301
0.707916	0.0815074	0.000897695
0.707583	0.0861266	-0.0019082
0.698674	0.0912361	0.00353293
0.693384	0.0828093	0.00165673
0.723812	0.0945347	0.0122483
0.692552	0.0820585	-0.0190149
0.703952	0.0863588	-0.0146368
0.6908	0.0724237	0.00200225
0.694042	0.0889933	0.00889626
0.678426	0.088724	-0.0028278
0.691433	0.0795525	-0.00169921
0.695291	0.0966026	0.00412456
0.687505	0.0978616	-0.00185151
0.693962	0.0886271	1.94704e-05
0.701394	0.0668641	-0.0155679
0.684748	0.0998065	-0.0019138
0.706673	0.10066	-0.00410195
0.688506	0.0846319	-0.00525732
0.684698	0.106584	-0.00699049
0.682114	0.0808324	0.000710486
0.703778	0.0878407	-0.00797105
0.67632	0.0876874	-0.00130372
0.687128	0.0892438	0.00937207
0.705129	0.0971328	-0.027553
0.709655	0.084255	-0.00635436
0.688416	0.0852015	0.0169568
0.687737	0.0901242	0.00190148
0.699538	0.0947967	0.0176196
0.704512	0.0955142	-0.00358787
0.696911	0.0817066	-0.00145599
0.686803	0.0754944	-0.0200535
0.702394	0.0763363	0.0113268
0.684674	0.0952463	0.00116764
0.70547	0.091484	0.0136777
0.697004	0.0871138	-0.00091202
0.699425	0.0941916	-0.00224831
0.697995	0.0954152	0.00111956
0.708461	0.0988259	0.00398108
0.696883	0.101344	0.0058974
0.696952	0.0876802	0.00406299
0.687702	0.0923773	-0.00987928
0.699931	0.0872891	0.0123394
0.699284	0.0812977	-0.0207506
0.668872	0.0869875	-0.00279574
0.694399	0.0721083	-0.00189918
0.70439	0.0880532	-0.00091228
0.671016	0.0853481	0.00882139
0.672012	0.0725432	-0.0101789
0.69486	0.0972948	-0.012569
0.692235	0.087767	-0.000890125
0.685049	0.096655	0.00681164
0.700634	0.0814745	-0.00866377
0.699586	0.0975415	-0.00196205
0.688264	0.10197	-0.00183027
0.70706	0.077054	0.00239431
0.683121	0.0788628	-0.0099922
0.669729	0.0783086	0.00819514
0.695285	0.104932	-0.00858155
0.707114	0.107461	0.0210194
0.685926	0.0903532	0.00159526
0.693639	0.0869027	0.00733178
0.714768	0.091584	0.0270532
0.679614	0.111267	0.00734612
0.689855	0.0877725	-0.015963
0.710876	0.102733	-0.00619402
0.697249	0.0799702	-0.000368256
0.688293	0.083622	-0.00817469
0.677165	0.0790706	0.0139124
0.691038	0.0970221	-0.0103729
0.707867	0.0718986	0.000682291
0.703668	0.090264	-0.011429
0.703934	0.0962031	-0.0173853
0.690603	0.0886254	-0.00343921
0.701942	0.0932482	0.0105751
0.679309	0.0797777	0.00370396
0.701418	0.0899675	-0.0125593
0.702504	0.102898	0.00172415
0.703948	0.0949572	-0.00836616
0.688146	0.107776	-0.00901549
0.703318	0.0714135	-0.00705981
0.686965	0.085635	0.0148795
0.705379	0.089435	0.00124017
0.703886	0.0659028	0.000431753
0.700619	0.0735463	-0.00502253
0.699649	0.0960828	0.0065951
0.695528	0.101311	0.00500583
0.717371	0.0826356	0.00714412
0.703475	0.0895179	-0.00218924
0.699321	0.101498	0.00726057
0.673653	0.088511	-0.00347471
0.704298	0.0935117	-0.0187583
0.708393	0.0768958	0.000722246
0.702161	0.0987857	0.013393
0.70165	0.0866702	0.0132237
0.699977	0.0987838	-0.0069874
0.718986	0.0998639	-0.00089284
0.725403	0.0718058	-0.00793558
0.701247	0.0735162	0.012595
0.692637	0.0802889	0.00942465
0.697343	0.0942419	-0.000897603
0.701116	0.0868521	0.00474114
0.693372	0.0961392	0.00467304
0.705507	0.0545171	-0.0205421
0.701136	0.0843092	0.0104042
0.711332	0.0914284	0.00608515
0.703332	0.0756314	-0.00317117
0.689404	0.0751966	-0.0155222
0.680331	0.091929	0.000521697
0.70165	0.0918495	0.0140876
0.680831	0.0939086	-0.00305234
0.690844	0.0891085	0.0141697
0.700751	0.104189	-0.0105157
0.701153	0.0855856	-0.0159615
0.692812	0.0850454	-0.0124316
0.701464	0.100104	0.00672332
0.682359	0.0865623	0.0062326
0.683591	0.0925502	0.00187434
0.677438	0.0873001	-0.0180561
0.689651	0.0830644	0.00369312
0.682673	0.0899099	-0.00595693
0.694287	0.0857067	0.00385779
0.695035	0.0979551	-0.00293
0.709295	0.106068	0.014329
0.6911	0.0856875	0.00225664
0.68626	0.0965978	0.00680381
0.691519	0.0796904	0.0188188
0.694039	0.0716027	0.0112805
0.68921	0.0964142	0.00244151
0.688022	0.0897643	0.00255
0.693729	0.0758475	-0.00489948
0.698261	0.0952083	0.00852925
0.703575	0.0874626	0.00982712
0.68577	0.0891837	0.0081822
0.690803	0.086292	-0.0157133
0.705173	0.0971625	-0.0150336
0.698623	0.0764098	-0.00550602
0.690659	0.0925892	-0.00578699
0.696424	0.10029	0.0098237
0.703619	0.0683683	0.00866197
0.691944	0.0729565	-0.0109045
0.689909	0.0891555	-0.00975065
0.695321	0.0791154	0.0118452
0.690841	0.0799882	-0.00715344
0.68903	0.0827561	0.00476256
0.708694	0.0804167	-0.0085422
0.708142	0.0868301	0.000148957
0.700433	0.0653603	-0.00785408
0.704536	0.0967238	-0.0118543
0.693279	0.0804366	-0.00443363
0.68363	0.0731037	0.000490173
0.6933	0.0846612	-0.00796459
0.702649	0.08291	-0.00485811
0.693632	0.0737194	0.0148927
0.684637	0.0849092	-0.0104943
0.697546	0.076732	-0.00707931
0.674279	0.0766784	-0.00833333
0.684486	0.0876705	-0.000355293
0.686911	0.0774032	-0.00502275
0.685159	0.0999164	-0.0053615
0.70933	0.0666797	-0.0085703
0.69902	0.0774118	-0.000288265
0.697377	0.0728245	-0.000674803
0.709919	0.0883098	-0.00682135
0.679146	0.090101	0.00266139
0.682673	0.0835789	0.00201024
0.69949	0.0787837	0.00295133
0.683989	0.0825164	0.013436
0.68993	0.0949136	0.0133075
0.687892	0.084139	0.00596715
0.699271	0.0956041	0.0101123
0.705373	0.0818376	0.00273905
0.696321	0.0887639	0.0086475
0.68797	0.059053	-0.00404393
0.687676	0.0868457	0.00549196
0.701807	0.0898475	0.0123688
0.679119	0.094116	-0.0031462
0.683486	0.0731765	-0.0128273
0.676648	0.0947655	0.00258451
0.711479	0.0917926	0.00238854
0.698416	0.093264	0.00363124
0.689382	0.0994144	-0.0067716
0.702343	0.081728	-0.0041044
0.702176	0.0946847	0.000558118
0.682823	0.0871243	0.0106292
0.689539	0.0906546	0.0152695
0.685093	0.0900338	0.0062769
0.686751	0.0904713	-0.00791025
0.687343	0.0907659	-0.0039169
0.700078	0.0734833	-0.00626361
0.691603	0.0857759	-0.00469593
0.701406	0.0963303	-0.00778214
0.693811	0.0739953	0.00481644
0.696165	0.0776325	0.00550193
0.690509	0.102619	-0.0101472
0.717738	0.0671517	0.010295
0.690118	0.0849876	-0.00607208
0.672535	0.06955	0.00899462
0.694982	0.0770708	0.00810935
0.673115	0.0921323	-0.0117511
0.686176	0.0716535	0.0222806
0.700708	0.0806631	-0.0169264
0.701753	0.0774134	0.0212626
0.702386	0.092714	0.00806281
0.674846	0.0798256	-0.0133047
0.688674	0.102926	0.0138152
0.692033	0.0843771	-0.012827
0.692418	0.0747218	0.00022801
0.702842	0.102722	-0.00393397
0.709721	0.0948098	-0.00181362
0.70869	0.0888983	0.00554566
0.70008	0.0700148	0.000293035
0.699834	0.076986	0.00990655
0.68683	0.0879939	0.00117895
0.674741	0.0714096	0.00304465
0.706337	0.0869666	-0.00733971
0.697106	0.075671	0.0158248
0.685826	0.0885499	-0.00146312
0.697063	0.095618	-0.00256764
0.689122	0.0714956	-0.00531649
0.701307	0.0851638	-0.00020304
0.684697	0.0957192	-0.00238228
