0.685002	0.107497	0.0097151
0.696821	0.097995	-0.0121583
0.704334	0.0926491	0.000984401
0.698024	0.0953516	0.00946469
0.708351	0.0820562	0.0142283
0.701734	0.0868861	-0.0169238
0.69716	0.0970539	0.00988798
0.703911	0.0874912	-0.0046948
0.702247	0.0733859	0.00814495
0.691505	0.0922409	-0.00871366
0.689224	0.0989106	0.0148296
0.696241	0.11097	-0.00981692
0.674201	0.103059	0.00104053
0.707137	0.0815655	-0.00928222
0.694137	0.100918	0.0050233
0.696273	0.0832212	0.000862215
0.699012	0.0894741	-0.013253
0.678887	0.0772904	-0.00659195
0.703233	0.0864342	0.00806519
0.685827	0.072782	-0.0131812
0.705058	0.0833622	-0.0262321
0.710417	0.0858405	0.00877793
0.683277	0.0766586	-0.00845348
0.694636	0.0916823	-0.00623709
0.70179	0.0984489	-0.00606876
0.707219	0.07769	0.014789
0.707871	0.0976853	0.0234107
0.691828	0.0823231	-0.0111243
0.693188	0.0825671	0.0112933
0.695337	0.0809742	-0.00241477
0.698623	0.0724339	0.00512807
0.705664	0.091813	-0.00132699
0.676652	0.0750477	-0.0104064
0.698882	0.11135	-0.0082955
0.707425	0.0810331	-0.0054164
0.71013	0.0955008	-0.000686423
0.689361	0.089827	0.0187688
0.701405	0.107173	0.00539897
0.686427	0.103558	-0.00625107
0.692887	0.0926276	0.00194586
0.688187	0.10653	-0.00883667
0.698622	0.0905491	0.0112736
0.69625	0.0751074	0.00823445
0.695073	0.0896768	-0.0209158
0.707716	0.0855738	0.00413527
0.6905	0.0803153	0.0126233
0.68155	0.0943862	-0.0137396
0.716556	0.101452	-0.00793197
0.6841	0.0718374	-0.00982522
0.692852	0.0845671	-0.0109607
0.680882	0.0817785	-0.00481792
0.691873	0.0857639	-0.000572664
0.693686	0.0985341	0.0162603
0.692174	0.0928489	0.0106822
0.708426	0.10547	-0.0125513
0.701998	0.0944334	-0.00572945
0.70812	0.0941761	0.000339547
0.688596	0.0895722	-0.00554311
0.689298	0.0908063	0.00134863
0.670747	0.094062	0.0185226
0.672358	0.0990616	0.0021123
0.704603	0.0967935	-0.0158791
0.70373	0.0791748	0.00425338
0.676013	0.0903104	0.0115953
0.692116	0.0975859	0.0115002
0.691011	0.0801224	-0.00699429
0.685953	0.0924219	0.00592953
0.683956	0.070042	0.00677471
0.689577	0.0750207	-0.00202495
0.694048	0.0745266	0.000560844
0.685434	0.116483	-0.0155087
0.69042	0.0810936	-0.0126139
0.708975	0.0862864	0.0163693
0.681268	0.0838063	-0.0016752
0.697895	0.0884329	0.0187927
0.678178	0.0661289	-0.00158989
0.696651	0.105315	0.00514051
0.711198	0.0761066	0.0124715
0.689249	0.0709403	-0.000208568
0.704995	0.0980397	0.00688832
0.681082	0.0998421	0.00518702
0.691095	0.0826626	0.013834
0.693819	0.0856636	0.00835211
0.716576	0.0909369	-0.0100209
0.696407	0.0896962	0.00576557
0.703607	0.0872769	5.90101e-05
0.68296	0.0946952	0.00791746
0.702186	0.0966354	0.0117462
0.698193	0.0882897	0.0112198
0.685949	0.0854591	0.00379803
0.694086	0.0629953	-0.0121897
0.70246	0.0875566	0.0132544
0.685894	0.0619859	0.00285304
0.69159	0.107721	-0.0101264
0.694164	0.0869975	-0.00977286
0.686093	0.085863	0.0130215
0.678083	0.0949944	0.0174981
0.68578	0.0678279	0.00634182
0.697085	0.0691067	0.000640886
0.689332	0.0834226	-0.00706718
0.709037	0.0830215	0.0160491
0.709164	0.0725519	0.0151366
0.706254	0.087071	-0.00806188
0.701224	0.068443	-0.0190918
0.695446	0.0994154	0.00434013
0.716866	0.0751356	-0.00395803
0.6951	0.0856056	0.00477715
0.71811	0.109897	0.00252231
0.672637	0.0783668	0.00812723
0.702907	0.0823825	-0.000318976
0.686456	0.0989751	0.0024451
0.689299	0.0940278	0.015423
0.702857	0.0927822	0.0188935
0.693244	0.0806212	0.00110317
0.716392	0.0864132	-0.00477007
0.702776	0.0729141	-0.002632
0.693444	0.0613551	-0.00466211
0.689471	0.10223	0.00828584
0.699497	0.101179	-0.00127166
0.695343	0.0864673	0.00528207
0.703919	0.0933681	0.0102196
0.699962	0.0903075	-0.000172082
0.70915	0.0888612	-0.0119946
0.67411	0.0821951	0.00253866
0.707103	0.0950008	0.00787516
0.692343	0.06634	-0.0175438
0.705983	0.0777685	-0.00588392
0.705199	0.0939241	0.0165077
0.700482	0.0853996	0.00787512
0.691845	0.0922278	0.0131771
0.704908	0.109112	-0.00284587
0.712271	0.0852574	-0.00365338
0.687908	0.0904926	0.00207383
0.69019	0.0945168	-0.0105198
0.686114	0.0867573	-0.0133872
0.680087	0.0788782	0.00273306
0.704033	0.0806658	-0.0128973
0.686492	0.0917329	0.0126108
0.698895	0.084062	-0.00497178
0.712893	0.0804871	-0.00199546
0.681603	0.0913836	0.00867516
0.672311	0.0828769	-0.000164487
0.692899	0.0867928	0.00313326
0.675519	0.0838897	0.0100767
0.673667	0.0918508	0.0128348
0.693015	0.100524	-0.00144767
0.701941	0.0963669	0.000589987
0.693183	0.0842987	0.00273102
0.683209	0.109258	0.00630247
0.686718	0.0693507	0.017411
0.689427	0.0821389	-0.00357516
0.703787	0.0788646	0.00729862
0.687545	0.0852849	0.00535586
0.694262	0.0928519	-0.00302773
0.704081	0.0973553	0.00785169
0.704817	0.067637	-0.0152769
0.693092	0.0753296	-0.0139552
0.709892	0.0722076	-0.00162531
0.687813	0.103057	-0.00851562
0.699995	0.0866157	-0.0128154
0.696877	0.0669872	0.018652
0.671216	0.0797101	-0.00129134
0.697884	0.0868928	0.00172242
0.690423	0.0963053	0.00648067
0.695896	0.0902989	0.000310039
0.694619	0.0912681	0.0115412
0.692915	0.100071	0.0058484
0.682084	0.0773612	-0.000833675
0.702141	0.0995401	0.0148535
0.710023	0.0969214	-0.00668712
0.691987	0.0682245	-0.0035503
0.691877	0.0947004	-0.0239364
0.69711	0.0962994	-0.00847264
0.673345	0.115908	-0.00334013
0.687068	0.0839969	-0.00179412
0.68274	0.0801067	-0.00488792
0.692404	0.0813915	0.00499177
0.695539	0.0902063	0.00269818
0.679734	0.0948644	-0.00974465
0.703091	0.0895727	0.0154255
0.699281	0.105883	0.00197425
0.685639	0.101423	0.00830038
0.699263	0.0946718	-0.00148037
0.696942	0.0864233	-0.0119317
0.699684	0.07906	0.00354408
0.716785	0.0807296	-0.0042418
0.708462	0.0999808	0.0128411
0.692902	0.0936552	0.00556691
0.686002	0.0900256	-0.0120114
0.707692	0.0886681	-0.00471542
0.693042	0.0918126	-6.14624e-06
0.691277	0.0763039	-0.003655
0.693954	0.0986685	-0.00196463
0.68804	0.0859534	0.00769683
0.692546	0.111657	0.00299356
0.673039	0.099181	-0.00384809
0.698901	0.0765531	0.00393057
0.691487	0.0910172	-0.0195385
0.702755	0.0864253	0.0264629
0.694548	0.105561	-0.00818233
0.683642	0.0983151	0.00818253
0.693328	0.0997495	0.00608797
0.69924	0.0763709	-0.00086003
0.694945	0.0911526	0.00230219
0.702567	0.108129	-0.00634625
0.68234	0.0891451	-0.000831555
0.697364	0.0941987	-0.00148946
0.709965	0.0862077	0.00627498
0.692319	0.078262	0.00748855
0.694024	0.116332	-0.00240711
0.687895	0.0928142	0.009804
0.691818	0.0947817	-0.0049776
0.688132	0.1036	0.011479
0.693201	0.0789436	0.00386794
0.685563	0.102378	-0.00312447
0.677772	0.075031	0.00347935
0.667105	0.0910353	0.0016456
0.705522	0.086544	-0.00489183
0.685455	0.0945514	-0.0167873
0.674637	0.0807786	0.00077782
0.705934	0.0909611	0.00921278
0.670179	0.083323	-0.0154313
0.689396	0.0711324	0.011255
0.698485	0.0679281	0.0109894
0.695443	0.0898647	0.0158634
0.692967	0.0830496	0.000150836
0.683897	0.0758696	-0.00147701
0.703067	0.0731883	0.00508839
0.695056	0.0832137	0.0095204
0.696152	0.0774806	-0.00298294
0.688793	0.0794757	0.0103812
0.68122	0.0772963	-0.0212805
0.68081	0.0869789	-0.00748091
0.687878	0.0765218	-0.020859
0.69082	0.0785502	0.00179171
0.681809	0.0903398	-0.0196152
0.691214	0.094979	0.0133044
0.695251	0.0967876	0.0076996
0.702937	0.0878227	0.00726101
0.698367	0.0764916	0.00246735
0.693704	0.0861281	0.00767682
0.699877	0.092528	0.000669747
0.70969	0.0896826	0.0125854
0.692765	0.0788518	0.0075786
0.704955	0.07864	-0.00441275
0.694663	0.0781502	-0.0189796
0.698297	0.103186	0.017674
0.682738	0.0922219	0.0125336
0.683977	0.112392	-0.00409244
0.692331	0.0811168	0.00259139
0.686213	0.0778288	-0.00130129
0.691475	0.087923	-0.000550786
0.697573	0.0828966	0.0090598
0.695978	0.093148	0.0118944
0.68843	0.0954949	0.00877561
0.691662	0.0998154	0.00896695
0.68637	0.0868669	-0.0273789
0.692936	0.073709	-0.00257959
0.706543	0.101697	-0.00470324
0.699033	0.0743703	-0.00657362
0.691665	0.0888557	-0.0111458
0.683389	0.0925248	-0.00325715
0.699813	0.0729464	0.00343948
0.69087	0.081849	-0.00640968
0.698088	0.0974052	-0.0122583
0.676575	0.0638241	0.0103784
0.695772	0.11228	-0.000825665
0.691614	0.0875417	0.0012337
0.697415	0.0990263	-0.00813951
0.694216	0.0709831	0.0061207
0.684908	0.0941673	-0.00182454
0.685511	0.0617838	-0.00245446
0.703583	0.0696586	0.0175243
0.716474	0.0945518	0.00202667
0.694608	0.098855	-0.00673825
0.703368	0.0804727	0.00596889
0.692985	0.0845628	-0.00480693
0.697134	0.0866398	0.0010702
0.694831	0.09413	-0.00997289
0.705892	0.0914165	-0.00882061
0.688759	0.0894235	-0.0109175
0.692523	0.0935013	0.00245286
0.67333	0.0799346	0.0127859
0.701336	0.0790097	-0.00141719
0.699171	0.108778	-0.00439113
0.686544	0.0909885	0.00359113
0.710789	0.0913099	-0.00197204
0.693847	0.114301	0.0141729
0.721812	0.100196	-0.00271415
0.699652	0.0791571	0.00101501
0.694004	0.0830848	0.011128
0.711033	0.095007	0.00525848
0.680058	0.088439	-0.0011788
0.690797	0.079506	-0.00498779
0.702102	0.0736653	0.00863122
0.682009	0.10612	0.00188558
0.693931	0.0928707	-0.000861699
0.691654	0.0820421	-0.0107292
0.690401	0.0793705	0.00869285
0.681371	0.0932608	-0.00520476
0.704831	0.105498	-0.0139832
0.693856	0.0901946	0.0078401
0.694941	0.0874974	-0.0178616
0.711717	0.0863291	0.0326206
0.701171	0.0881671	0.00981581
0.67654	0.0830569	0.00476948
0.697516	0.0978149	0.00706085
0.697063	0.0708131	0.00437247
0.682062	0.0906919	0.0101984
0.69296	0.0848314	0.00549357
0.707281	0.0963024	0.00071328
0.693061	0.0757152	-0.00461283
0.70019	0.0834689	-0.000387099
0.702903	0.092084	0.00527903
0.693808	0.0918283	-0.00306934
0.715027	0.0862911	0.00301725
0.671799	0.0946482	0.013499
0.70229	0.0781356	0.00531934
0.693717	0.0772747	0.00640606
0.690951	0.0765096	-0.00632193
0.700018	0.0854988	0.00131894
0.682684	0.101779	-0.00425038
0.715205	0.0898103	-0.00237698
0.696408	0.106046	0.0123136
0.699389	0.098467	-0.00470681
0.686971	0.0893756	-0.00562129
0.698436	0.0933483	-0.022071
0.686382	0.0845823	0.00989086
0.679518	0.0766742	-0.012065
0.687915	0.0901388	-0.00491899
0.692611	0.102509	0.0167025
0.684468	0.111428	0.00237291
0.685078	0.093259	0.0126059
0.685741	0.0804723	-0.00120144
0.690377	0.0733943	0.0150667
0.697858	0.0940342	-0.00232623
0.691728	0.0855833	-0.00205618
0.703402	0.0810994	0.00464487
0.700277	0.100732	-0.0100656
0.693954	0.096015	0.00881676
0.68083	0.0856109	0.00159626
0.695879	0.0992924	-0.00770861
0.685603	0.0946873	-0.00502364
0.704076	0.0959764	-0.0247856
0.700474	0.0767507	0.00236923
0.683789	0.0898971	0.00292059
0.699929	0.0831616	0.0032723
0.682295	0.0822601	-0.0289714
0.695891	0.0824182	-0.0117169
0.695884	0.093694	0.0079412
0.696248	0.081661	-0.011534
0.69265	0.106025	-0.00118026
0.706784	0.0887411	0.0205163
0.694207	0.0950447	0.00262814
0.701692	0.060292	0.00930974
0.680034	0.0717794	0.011193
0.703376	0.093108	-0.00646501
0.689559	0.0679674	0.00365201
0.694643	0.0838041	-0.00100492
0.696461	0.0798669	0.00183723
0.695625	0.0876536	-0.00838816
0.709809	0.0787608	-0.0117428
0.686021	0.0716085	-0.00140081
0.7018	0.0903551	-0.00323156
0.688046	0.0992904	-0.00612136
0.68879	0.0927549	0.013005
0.702668	0.106189	0.00470132
0.698588	0.0861197	-0.00753439
0.704758	0.0917747	0.00594719
0.691168	0.0903487	0.0169013
0.66989	0.0894263	-0.00626091
0.680668	0.0788053	-0.0130376
0.700987	0.087581	0.0119907
0.69279	0.0974058	-0.0225326
0.701106	0.105048	-0.00907453
0.680441	0.0834926	0.00775231
0.698491	0.087409	-0.00779859
0.697835	0.0989816	0.0114488
0.692916	0.0944451	-0.00678204
0.693423	0.104697	0.00155074
0.696655	0.0980685	-0.00377617
0.705642	0.0904405	-0.0156136
0.693999	0.0970557	0.011702
0.691408	0.092773	3.78806e-05
0.679446	0.0863941	-0.00416998
0.686046	0.0557845	0.00731636
0.698904	0.111064	0.0135821
0.688423	0.0888669	-0.0045174
0.687542	0.0950286	0.00119198
0.686306	0.0940938	0.0107296
0.691902	0.0945535	-0.00401411
0.697683	0.0907176	0.00581989
0.706347	0.0793005	-0.00338987
