0.71242	0.0838601	0.0291893
0.676846	0.0865358	-0.0159345
0.68482	0.0741337	0.0137927
0.702125	0.105711	-9.15736e-05
0.674223	0.0997719	0.0246132
0.693728	0.0835576	0.0032487
0.667893	0.0934559	0.00302438
0.687133	0.0924348	-0.000359842
0.682653	0.0917453	-0.00106925
0.681838	0.095752	0.0280777
0.695839	0.0905143	0.00395701
0.698204	0.0773163	2.67187e-05
0.69683	0.0904435	-0.000832635
0.689482	0.0979695	0.0136897
0.689044	0.0894615	0.0101882
0.707888	0.0973541	0.00145685
0.689052	0.07623	0.00909533
0.702471	0.0776066	0.0100984
0.714303	0.0796551	-0.0115229
0.684137	0.0890565	-0.00505431
0.706813	0.0851867	0.00685426
0.703316	0.0777392	-0.00427306
0.682036	0.0766397	-0.0017863
0.698232	0.0938808	0.00121467
0.712795	0.0929527	-0.00742516
0.699759	0.0827068	-0.00534002
0.683836	0.0886807	0.00640095
0.691546	0.0777336	-0.000862409
0.701817	0.100442	-0.0184331
0.694398	0.0864043	-0.000495672
0.690635	0.0811661	0.0159179
0.700113	0.0933812	0.00437944
0.694509	0.0795047	0.015764
0.689346	0.0835203	0.00996282
0.698457	0.0850613	-0.00035539
0.695491	0.0887419	0.00823955
0.680167	0.0741786	0.0149886
0.696044	0.0788122	-0.0240133
0.687651	0.080765	-0.00146344
0.705684	0.0891744	0.0027543
0.71396	0.0742168	0.000469544
0.688584	0.0934104	-0.00803985
0.69055	0.096577	0.00115195
0.702601	0.0966916	0.000699801
0.698138	0.0734147	-0.0107797
0.695927	0.0966442	-0.00641492
0.682923	0.0806676	0.00587504
0.6857	0.0918609	0.00143265
0.707078	0.0911671	0.00684873
0.689649	0.069517	-0.00165667
0.686379	0.0772252	0.0148508
0.707798	0.0814164	-0.00931546
0.680887	0.0804069	7.50111e-05
0.693028	0.0932234	0.0030245
0.694978	0.0824592	0.00344362
0.700364	0.10556	-0.016443
0.686254	0.0871086	-0.00743774
0.701544	0.0848298	0.00580483
0.703794	0.0882828	-0.00465497
0.69815	0.0779912	0.0104707
0.706454	0.0883722	0.00451131
0.705506	0.0871454	-0.000850637
0.703178	0.0856068	-0.0088807
0.694821	0.105373	0.0155298
0.712624	0.0666959	-0.0126197
0.692819	0.0814753	-0.00748192
0.709079	0.0813253	-0.00126223
0.685819	0.0747839	0.0144237
0.702272	0.0898669	-0.00442521
0.693314	0.108623	-0.00968729
0.700829	0.095379	0.0103968
0.656961	0.10531	0.00829534
0.704176	0.0959217	-0.0120844
0.67703	0.0857014	0.0129336
0.69423	0.10535	-0.01179
0.691941	0.0778898	0.0183211
0.704897	0.0812401	0.000370859
0.700687	0.0926189	0.0151201
0.689259	0.0758716	0.000859351
0.696259	0.0878881	-0.0035692
0.687749	0.0812875	0.0121166
0.69986	0.0758361	-0.00676061
0.702876	0.0796396	-0.0100138
0.697844	0.069235	0.00340783
0.692649	0.0910653	-0.00110943
0.660355	0.0830712	0.00759652
0.71634	0.092313	0.00182121
0.691768	0.0817078	-0.00639632
0.679936	0.0931317	-0.0136004
0.704774	0.0990171	-0.00819661
0.705317	0.0973396	-0.00327738
0.704361	0.100864	0.00651035
0.710591	0.0778514	-0.00803265
0.702957	0.0830783	0.0183546
0.702967	0.0867669	-0.0141317
0.691769	0.0825253	0.0121603
0.693877	0.0920502	-0.0177719
0.698203	0.0877338	0.0200868
0.67449	0.0863194	-0.0126986
0.697748	0.09184	0.00927364
0.678864	0.0961471	-0.00651832
0.687684	0.0809725	-0.0183694
0.703578	0.0926011	0.00775704
0.698962	0.113229	0.00226153
0.69336	0.0826332	-0.00918455
0.689376	0.0880129	0.0086402
0.692742	0.0766231	0.0179397
0.696127	0.0653297	0.000659824
0.703433	0.10308	-0.0100203
0.709845	0.10494	0.00822253
0.702418	0.0804344	-0.00156132
0.724878	0.0943409	-0.00068741
0.691185	0.0963826	-0.0189728
0.698888	0.0787075	-0.00825759
0.677418	0.112128	0.00381708
0.689256	0.103412	0.00100164
0.702165	0.103796	0.00332676
0.689727	0.100759	-0.011756
0.696901	0.0499338	0.0112142
0.686524	0.0711215	0.00297266
0.689896	0.0681809	-0.00710253
0.693929	0.063063	-0.0100311
0.686178	0.0862405	-0.00721072
0.696821	0.0899124	0.0102398
0.690037	0.0765041	-0.0090404
0.687416	0.0753688	-0.00558867
0.700895	0.093074	0.0164013
0.695101	0.0924512	0.000609891
0.709612	0.0918382	-0.0130879
0.698408	0.0996446	0.00198826
0.686379	0.0952518	-0.0190917
0.68549	0.0818522	-0.012029
0.696756	0.070678	0.01376
0.677126	0.0745129	-0.0114251
0.679832	0.100543	0.0193357
0.701673	0.0890077	-0.00781123
0.687862	0.0735533	0.015386
0.707993	0.102015	-0.000405697
0.699175	0.0764983	0.0101732
0.691359	0.0841318	0.0177128
0.678133	0.081988	-0.0180952
0.692811	0.0930455	0.00144722
0.680062	0.0781269	-0.0119897
0.683021	0.114619	-0.00314808
0.700856	0.0826904	-0.00949441
0.68595	0.0853983	0.00479868
0.682005	0.0714263	-0.0111217
0.681826	0.102188	-0.000445437
0.72265	0.0782137	-0.00317574
0.708567	0.0946966	-0.0266895
0.694835	0.090629	0.0214467
0.698066	0.0822853	0.00116861
0.695702	0.0918428	0.0209519
0.707603	0.0968371	-0.00640838
0.683366	0.0973312	0.000174523
0.710554	0.0776396	0.00455491
0.686693	0.0957695	-0.00888336
0.674984	0.0857035	0.00663336
0.687393	0.090226	0.00923184
0.714639	0.0952776	-0.000558951
0.682685	0.108243	0.00524642
0.695235	0.0750099	-0.00658792
0.69796	0.0818993	-0.0123775
0.69727	0.079765	-0.0101902
0.690098	0.101553	0.00568273
0.679123	0.0873907	0.0168077
0.702164	0.077839	0.00304959
0.692576	0.0756775	-0.0210355
0.684324	0.087648	0.0181121
0.69262	0.0797829	0.0121034
0.684008	0.077638	-0.00388566
0.702221	0.0946524	0.00113138
0.692638	0.0914399	-0.00902
0.712981	0.0836198	0.00500357
0.71045	0.0848089	0.00417818
0.701072	0.0927707	-0.00817172
0.698578	0.0826403	0.0064672
0.716201	0.0790241	0.00288057
0.713674	0.0898793	-0.00154786
0.685793	0.0794749	-0.000888265
0.701819	0.0947239	0.00272604
0.716155	0.0875371	0.0100865
0.704318	0.0797169	-0.034396
0.729352	0.0803315	0.0210818
0.682351	0.082231	0.00306585
0.693041	0.0818234	0.00413008
0.697412	0.0824299	0.00569992
0.68974	0.0627664	0.0318481
0.686355	0.0741768	0.00275226
0.691237	0.100827	0.0229152
0.691385	0.0839209	0.00428546
0.687043	0.0919154	0.0130804
0.699126	0.0861003	0.0154513
0.697554	0.081162	-0.00126911
0.701502	0.0825469	-0.00462372
0.698516	0.102918	0.0143389
0.681096	0.0820609	-0.00900614
0.70521	0.0756581	0.00857667
0.703126	0.0969353	-0.00425867
0.700286	0.0856865	0.00615418
0.685065	0.0822005	0.0105638
0.683141	0.0860691	-0.00300942
0.711977	0.0840751	0.0112986
0.710976	0.0923788	0.00199148
0.687409	0.0845841	-0.00942521
0.734002	0.0841137	0.021964
0.678526	0.0910035	0.00923898
0.698996	0.0862747	0.0129649
0.714865	0.0765558	0.00130536
0.688634	0.0806428	-0.00819481
0.698396	0.0733952	0.0159586
0.694267	0.0886691	-0.00398946
0.683872	0.0877267	-0.0188855
0.70458	0.0805047	-0.00710739
0.684143	0.0856337	0.0115356
0.690853	0.07	0.00840491
0.705969	0.101123	-0.00100714
0.706204	0.0816625	0.00769246
0.685221	0.0844075	-0.0138027
0.694183	0.0847164	-0.00942981
0.697822	0.0816124	0.006886
0.705274	0.0837716	0.0145637
0.685236	0.0780892	-0.0111447
0.686072	0.0916575	-0.00630042
0.70384	0.0907708	0.0116303
0.699007	0.0716644	0.0050864
0.703497	0.070948	0.00711825
0.694076	0.0884294	0.00437676
0.699966	0.111294	-0.00842863
0.692733	0.109287	-0.00885356
0.701555	0.10504	-0.0121383
0.703393	0.103874	0.00123448
0.709501	0.0994616	-0.00774379
0.694814	0.082797	0.00699894
0.682272	0.0870968	-0.0132131
0.687438	0.0896558	-0.00873998
0.684943	0.100199	-0.0121236
0.690159	0.0932708	-0.00124651
0.687052	0.0796806	-0.00578502
0.68304	0.08735	-0.00687341
0.672593	0.0736339	-0.0133718
0.706853	0.0984359	-0.011973
0.676158	0.0903548	-0.00825401
0.696805	0.0743817	0.00292488
0.696503	0.0752608	0.00756648
0.690245	0.0886765	0.00587083
0.699595	0.0900719	-0.00339709
0.685489	0.0888687	0.00293167
0.695185	0.0793737	0.00232517
0.66699	0.0730195	-0.00910716
0.686458	0.0826299	0.00583765
0.6676	0.0896198	0.00100727
0.702978	0.0954671	-0.000764821
0.697418	0.0686862	0.0040032
0.689667	0.0693156	-0.0183314
0.71013	0.0973163	-0.0139751
0.705887	0.0805491	0.0171826
0.699404	0.0841849	-0.0120299
0.697147	0.0860117	0.00199265
0.705575	0.0962239	0.00167058
0.692943	0.072261	0.0106804
0.705546	0.0818955	0.0101435
0.69437	0.0806795	0.0098731
0.679998	0.0856815	-0.0108008
0.674152	0.103081	0.000141112
0.698608	0.0905591	0.0044144
0.702829	0.0738617	-0.0054187
0.690959	0.0855669	0.00393473
0.693277	0.0923208	-0.00484977
0.699074	0.100116	0.0202088
0.697683	0.105794	-0.0120439
0.70079	0.104023	0.0100451
0.693861	0.102106	0.0158298
0.695916	0.0972767	-0.0192058
0.677012	0.0916577	-0.0177317
0.676667	0.0662213	0.00384216
0.677862	0.0843363	-0.00829995
0.692723	0.095014	0.0011653
0.694045	0.100288	-0.00492381
0.686657	0.0933001	0.00193699
0.69599	0.083287	-0.00271448
0.69564	0.0718417	-0.00711306
0.70088	0.0844756	-0.00896402
0.691153	0.0829802	-0.0226094
0.706045	0.096635	0.0116116
0.701547	0.0864223	-0.00138633
0.699046	0.0992326	0.00287076
0.692047	0.0855541	-0.00208549
0.703284	0.0810603	0.00892925
0.697178	0.0989231	0.0033621
0.70357	0.0892727	0.0149797
0.696975	0.0781459	0.00196084
0.700133	0.0948913	0.00594868
0.696142	0.095764	-0.0216733
0.702458	0.070019	0.0101959
0.690619	0.0848047	-0.00882795
0.694731	0.0927345	-0.0104383
0.684142	0.0885053	-0.00470652
0.684889	0.106072	0.00255552
0.699212	0.0715491	-0.00347064
0.684323	0.110614	-0.00271714
0.697936	0.0791368	-0.00275903
0.681599	0.0752528	0.000427
0.704207	0.0902619	0.0125352
0.690991	0.0758777	-0.00650556
0.676781	0.082593	0.00475142
0.699333	0.102109	0.00078788
0.677811	0.068827	-0.0126865
0.697047	0.0872076	-0.00503286
0.701518	0.0999771	-0.0126022
0.696795	0.0842679	-0.0150794
0.689859	0.0888285	-0.00764305
0.688881	0.0849754	-0.00635408
0.697698	0.082843	0.0177432
0.704675	0.0860767	-0.011836
0.707953	0.0990145	-0.00853951
0.686143	0.0929016	-0.0120355
0.699681	0.0941346	0.000781611
0.703336	0.100631	-0.00513862
0.692456	0.0906129	-0.00485984
0.706165	0.0849171	-0.00864981
0.716104	0.0915168	-0.00209472
0.691247	0.0629236	-0.00544745
0.711651	0.0706237	-0.0133917
0.692479	0.0969534	-0.00917137
0.692237	0.06355	0.0171914
0.676719	0.067624	-0.01148
0.681714	0.0759428	-0.000670605
0.690213	0.0694507	0.00118457
0.687628	0.0844611	-0.000527262
0.688091	0.0825948	0.00373714
0.689174	0.0791344	0.000664933
0.708855	0.0839189	-0.00778703
0.690265	0.105841	-0.00763294
0.689019	0.0775085	0.0153625
0.700731	0.0937245	0.00171372
0.677887	0.0828492	0.00383608
0.702482	0.090408	0.0135663
0.698481	0.0870557	0.0152091
0.687182	0.0930359	0.0155023
0.679048	0.0802907	-0.00537074
0.696571	0.102627	0.016487
0.710989	0.095242	0.0025378
0.703527	0.0756115	0.00102853
0.705002	0.0937861	0.00233095
0.705621	0.0905911	-0.00239847
0.703471	0.0937373	0.00802975
0.69089	0.0927913	-0.00971086
0.711572	0.0840606	0.0245098
0.693805	0.0821477	-0.00924392
0.700309	0.0859776	0.00682858
0.697086	0.0754856	0.0150454
0.685551	0.0855228	0.0163547
0.687128	0.0959334	-0.00417969
0.697176	0.104634	-0.00166992
0.677629	0.0886336	0.0111891
0.695819	0.0915347	-0.00673809
0.69423	0.0984695	-0.013511
0.690524	0.0867445	-0.00823214
0.691075	0.0825285	0.00194482
0.688755	0.0839096	0.00757558
0.695708	0.091956	0.0173123
0.692424	0.0967865	-0.0167119
0.680414	0.09425	0.00674043
0.691878	0.0927902	0.000178979
0.681777	0.0963037	0.00374986
0.69025	0.0791229	-0.00305505
0.685634	0.0868371	0.00990505
0.685422	0.091975	-0.00641328
0.700748	0.0716805	0.00957757
0.679449	0.0866672	0.00732813
0.704985	0.08188	-0.00748984
0.694828	0.0849223	0.00401846
0.69493	0.10159	-0.000248109
0.685957	0.0956328	-0.00207274
0.704286	0.0843566	0.00944676
0.695488	0.0930341	-0.00156647
0.686456	0.0925197	-0.0108968
0.705915	0.0807095	0.00772632
0.683466	0.0816011	-0.014137
0.685237	0.0846281	-0.0122561
0.692996	0.0832742	-0.00338735
0.699326	0.102979	6.22344e-05
0.693736	0.0950731	0.00240431
0.686677	0.0936078	0.0146161
0.691535	0.0925623	0.00785419
0.707449	0.0848	0.00314562
0.70598	0.0864205	-0.0196554
0.685225	0.0954741	-0.0143984
0.700111	0.106624	0.00482071
0.692181	0.107398	-0.00298663
0.704333	0.099115	-0.00651192
0.705456	0.104526	0.00703597
