0
0
0
0
0
0
0
0
0
0
0
0
0
0
0
0
0
0
0
0
0
0
0
0
0
0
0
0
0
0
0
0
0
0
0
0
0
0
0
0
0
0
0
0
0
0
0
0
0
0
0
0
0
0
3.47092e-19
9.46666e-18
8.73609e-17
1.36107e-15
8.31507e-15
1.31072e-13
7.44219e-12
3.25302e-11
2.1428e-10
4.90042e-10
3.17211e-09
7.19311e-09
5.3464e-08
2.20822e-07
2.8705e-06
7.69945e-06
2.03682e-05
7.57661e-05
0.00115619
0.00166866
0.00210741
0.0111285
0.0656481
0.168799
0.557688
1.03942
2.8453
4.89252
9.7781
15.4509
26.2288
59.714
111.502
184.035
251.721
389.661
631.109
860.338
1080.92
1355.91
1865.44
2242.52
2748.08
3228.62
3502.05
3854.77
4239.44
4483.72
4806.68
5239.96
5479.73
5558.17
5475.09
5359.86
5271.17
5122.62
5010.88
5057.89
5231.16
5272.5
5626.59
6099.69
6614.79
6801.61
6884.38
6974.61
6880.4
6868.39
6765.16
6839.12
6483.6
6328.37
5964.23
5843.9
5558.96
5229.76
5246.91
5575.86
5382.52
5779.43
6327.43
7094.25
7808
8450.94
8868.82
9166.67
9210.45
9282.36
9357.94
9469.45
9598.3
9128.05
8387.87
7422.85
6763.03
6369.06
5799.45
5324.03
5428.42
5287.28
5380.61
5631.92
5828.07
6021.38
6276.34
6498.4
6540.42
6425.79
6663.42
6648.49
6515.14
6605.27
6506.49
6371
6333.45
6551.91
6557.56
6298.46
6318.8
6539.53
6904.1
7278.16
7625.05
8205.71
7997.51
8071.57
7871.38
7715.9
7558.3
7161.12
6882.89
6463.38
6347.8
6168.21
6217.27
6163.91
5897.62
5834.68
5861.87
5787.41
5603.53
5589.85
5659.52
5751.07
5831.38
5935.31
6330
6475.9
6853.68
6768.03
6649.38
6915.15
7103.4
6925.77
6793.11
6988.9
7330.08
7286.78
7285.26
7645.89
7409.74
7088.78
7178.65
7361.15
7468.82
7864.27
8247.62
8686.29
8867.37
8140.12
7887.54
7707.83
7496.7
7317.57
6785.32
6283.63
5953.93
5684.51
5604.52
5611.95
5236.5
5029.27
4859.91
4980.41
4896.95
5183.04
5615.35
5825.26
6185.41
6790.68
7435.36
8233.43
8776.96
9413.76
9955.87
10315.2
10581.9
10561.6
10846.1
10982.6
10262.9
10048
9591.42
9159.91
8585.65
7987.03
7448.18
7077.54
6528.33
6375.57
6633.3
6792.51
6816.02
6868.49
7107.17
6706.19
6580.62
6464.21
6324.01
6266.38
6233.61
6383.98
6821.25
6945.37
7049.7
6978.64
6959.45
7329.85
7229
7023.58
6659.59
6348.52
5881.08
6007.44
5749.92
6067.94
6170.08
6562
6734.02
7284.3
7823.57
7900.81
7655.72
7083.72
6866.03
6716.06
6743.01
6607.88
6275.82
6195.84
6177.73
6151.43
6085.15
6220.03
5954.22
6067.11
5894.79
6205.66
6337.05
6407.41
6681.7
7109.64
7513.93
8201.79
9181.03
9449.83
10306.8
10407.9
10620.1
10580.4
10204
9656.3
8909.72
8447.06
8221.55
7741.9
7421.92
7145.21
7127.7
7035.42
6798.54
6854.76
6413.38
6289.73
6202.72
5917.57
6029.37
5837.8
5595.99
5833.37
6081.83
6401.69
6903.5
7234.19
7249.74
7076.73
6843.03
6853.53
6695.2
6424.33
6331.28
6208.64
5782.77
5233.36
5156.19
4903.75
4954.87
5020.94
5104.09
5090.76
4982.9
5078.79
5384.84
5700.58
6145.3
6096.67
6531.21
6345.37
6238.22
6162.56
5936.85
5651.58
5224.83
5025.07
5032.53
5312.77
5586.45
6111.49
6419.37
6749.43
7132.92
7568
7600.87
8223.4
8435.43
8454.41
8524.54
8729.3
8373.84
