0.688019	0.0811637	-0.0103317
0.721685	0.0787086	-0.00434273
0.708543	0.085814	0.00457737
0.715797	0.0975825	0.0214052
0.681722	0.0783919	-0.000122846
0.688549	0.0745826	0.00476026
0.7075	0.0905541	0.00961661
0.691954	0.0907583	-0.0136628
0.687876	0.0904574	-0.00862829
0.691852	0.063046	-0.0183649
0.685328	0.0771433	-3.3321e-05
0.680659	0.0737445	0.0078802
0.689536	0.102267	-0.00366756
0.688652	0.0820237	0.0136154
0.690401	0.0826024	0.0054652
0.69139	0.100418	-0.00935079
0.682586	0.0771248	0.00796314
0.714154	0.0966884	-0.00855612
0.690715	0.075	-0.0206153
0.690342	0.118294	0.00986956
0.697853	0.0794049	0.0128888
0.68359	0.100735	-0.00238772
0.69489	0.0909414	-0.00476371
0.691202	0.0897023	-0.018636
0.692748	0.0810865	-0.00734338
0.685961	0.0910902	0.0107052
0.692461	0.0948977	0.0164541
0.689887	0.0983311	0.0156392
0.709814	0.0991665	0.0103318
0.697451	0.0852479	0.00263091
0.684636	0.0819002	-0.00425339
0.697088	0.0806529	-0.00364663
0.697972	0.0961705	-0.0102398
0.69633	0.0835384	-0.00136166
0.695751	0.0900639	-0.00155041
0.696381	0.0609825	0.00252162
0.695982	0.0999729	0.00186955
0.697843	0.0739074	-0.00346516
0.687174	0.0960877	-5.33818e-05
0.694304	0.0887273	0.00522293
0.695385	0.096224	0.0134746
0.694022	0.106034	-0.00599555
0.678443	0.0785844	0.0024
0.692941	0.0867944	0.00160212
0.705561	0.0789616	-0.00104128
0.704025	0.0917205	0.00324427
0.705698	0.0749029	-0.005507
0.690864	0.0732877	0.00223199
0.705284	0.0802485	0.0169865
0.702696	0.0825492	0.00298231
0.68967	0.104061	0.0163564
0.70288	0.0742433	0.00300786
0.687501	0.0965725	0.00368069
0.664439	0.0868317	-0.0166286
0.696192	0.092956	0.011674
0.6964	0.0728295	-0.0083062
0.694398	0.0988002	0.00428013
0.698222	0.0832097	0.019591
0.673494	0.0817417	0.000194731
0.699117	0.085599	-0.00792211
0.700646	0.0859165	-0.00338505
0.674578	0.0903032	0.0117175
0.687814	0.0880548	-0.00948077
0.697794	0.0933069	0.00644856
0.705668	0.0947384	-0.000569906
0.68531	0.0927438	-0.0199165
0.700327	0.0778942	0.00766248
0.685434	0.0974511	-0.00657989
0.690572	0.0909116	0.000686339
0.684904	0.0811485	-0.0113107
0.706773	0.073628	0.00799003
0.686356	0.0714268	-0.0134583
0.690595	0.095818	-0.00384024
0.705106	0.107046	-0.0111929
0.692173	0.0982343	-0.000495949
0.696442	0.103595	-0.00918849
0.705937	0.104457	0.0104989
0.697361	0.0895668	-0.00317997
0.686586	0.100302	-0.00316786
0.694051	0.0903	-0.0152814
0.694194	0.0796012	0.00285869
0.693508	0.0779327	0.0156231
0.691339	0.0940469	0.00648093
0.695925	0.111112	-0.000762389
0.690687	0.0881437	-0.00676353
0.698548	0.087261	-0.0016207
0.697555	0.083922	-0.00486713
0.697888	0.0984837	-0.00955419
0.689177	0.0866274	0.00267926
0.699217	0.0891251	-0.000938277
0.681406	0.0947434	0.00148784
0.697929	0.0924066	0.0036035
0.712204	0.0856433	-0.00384816
0.690789	0.0993176	-0.000465871
0.697384	0.0748875	-0.0127719
0.682373	0.0966977	-0.00703361
0.692677	0.0853485	-0.00105925
0.696212	0.101627	-0.000152433
0.691561	0.0954902	0.00470267
0.697772	0.0802707	-0.0126902
0.698142	0.0759407	0.0144343
0.711205	0.0864687	-0.00862803
0.680979	0.0780961	0.0164258
0.688727	0.0665521	0.000497148
0.697939	0.084571	0.000474513
0.70337	0.0788242	0.00749228
0.703516	0.0911528	0.00813599
0.700303	0.0987116	-0.0260351
0.687192	0.0796961	0.00410737
0.690682	0.0889344	0.00183586
0.673761	0.0862269	0.000554339
0.714244	0.0741766	-0.0168406
0.689565	0.0945597	-0.00232951
0.70552	0.0828964	0.0002072
0.697642	0.0959052	8.61397e-05
0.699576	0.0906351	-0.00246533
0.687855	0.0804057	-0.00144676
0.673046	0.0853715	-0.0157849
0.693294	0.0733594	-0.013368
0.698553	0.0904335	-0.00666302
0.697284	0.100926	-0.0105601
0.701421	0.0748758	0.00742771
0.682177	0.104064	0.00164162
0.690852	0.0793878	-0.00356811
0.69301	0.0707703	0.00243804
0.70659	0.102925	0.00436092
0.692747	0.0997575	0.00402448
0.694551	0.101219	0.0127327
0.69464	0.0673419	-0.00818301
0.701122	0.0821662	0.00674178
0.703494	0.100831	-0.000429598
0.695327	0.0868928	0.00304304
0.694736	0.0963811	0.0121606
0.703102	0.0950931	0.00466899
0.696702	0.0933309	0.0145803
0.691592	0.0881922	0.00555646
0.688496	0.0880716	-0.00795983
0.695006	0.0880043	-0.00281561
0.711127	0.0813097	0.00965248
0.694952	0.0755396	-0.00557297
0.699801	0.0719947	-0.0060406
0.693223	0.0821483	-0.011143
0.672067	0.0984464	-0.000439473
0.674629	0.103889	0.000980631
0.697335	0.0797662	-0.00454221
0.707111	0.0919375	0.0117511
0.706869	0.0884541	0.000485772
0.693221	0.103219	-0.0153643
0.692877	0.0914082	-0.00305659
0.682201	0.0856457	0.00621021
0.689208	0.0979073	-0.0104462
0.699917	0.0878602	0.0150988
0.696569	0.0982605	-0.0118093
0.701158	0.0746659	-0.0105397
0.683409	0.0851116	0.00282273
0.691977	0.0768034	0.00665309
0.693457	0.0958698	-0.00469788
0.699815	0.0857727	-0.00309609
0.706525	0.0854098	0.00744911
0.689399	0.113887	-0.00135702
0.687499	0.0731937	-0.0134667
0.702865	0.0960772	-0.0025829
0.700827	0.0923879	-0.0108953
0.70183	0.0914165	-0.00715704
0.703233	0.0909103	0.00550286
0.694666	0.0839732	-0.00495664
0.718627	0.092858	-0.0139073
0.707264	0.0779845	-0.000339927
0.693768	0.0861398	-0.0211239
0.680622	0.0820696	-0.00803638
0.722783	0.0867576	0.000531021
0.692085	0.091376	0.00185617
0.693231	0.0778855	0.00825008
0.699707	0.0888903	0.00218917
0.679686	0.0913738	-0.00624299
0.687052	0.0893475	-0.0213299
0.687788	0.095133	0.00534138
0.673576	0.0928173	0.0144351
0.70248	0.0923378	-0.00324414
0.698952	0.0904395	0.00881054
0.676634	0.0910282	-0.000263423
0.695069	0.0931406	0.00341753
0.680758	0.0838063	0.0198699
0.70355	0.0843236	0.00207703
0.678752	0.103362	0.00283333
0.694216	0.0741541	0.031867
0.699682	0.0909613	0.0076606
0.697349	0.0838715	0.0311975
0.700217	0.0760708	0.00251291
0.676721	0.112643	0.0041937
0.691193	0.096385	0.00101774
0.701691	0.0842261	-0.00662776
0.692775	0.0876007	-0.0155442
0.711392	0.0861215	-0.018114
0.697711	0.087883	0.0153558
0.721032	0.085262	-0.00854242
0.717812	0.10708	0.0165675
0.685944	0.109996	0.00648374
0.689004	0.0822109	-0.00305008
0.70114	0.0816273	0.0187682
0.692821	0.0774622	-0.00580672
0.714168	0.105659	0.0133472
0.700323	0.0926354	-0.00357449
0.690412	0.0858909	-0.00532816
0.699814	0.089156	-0.00191887
0.710613	0.100272	0.0157596
0.693564	0.0869226	0.00085911
0.679356	0.0964579	0.00627941
0.709245	0.104575	-0.00417061
0.695405	0.0611652	0.00419554
0.686534	0.0802343	0.0145586
0.699799	0.0909247	-0.0159136
0.674846	0.0928428	0.00521463
0.685608	0.0849589	-0.00062292
0.688049	0.0914994	-0.00635811
0.685204	0.0921148	-0.00342358
0.678535	0.0698418	0.000882139
0.680404	0.0893451	-0.00613514
0.709153	0.0865866	0.011724
0.690399	0.0789264	-0.00726707
0.686844	0.0873898	0.00677415
0.689761	0.099645	-0.00402571
0.698803	0.120303	-0.00935049
0.684793	0.0825348	0.00759689
0.697944	0.0837579	-0.0145957
0.70925	0.0838876	0.00595437
0.694407	0.0885756	-0.00147481
0.699171	0.0976563	2.04915e-05
0.704487	0.107486	-0.0134781
0.687093	0.114363	0.0104968
0.700951	0.0967162	-0.00777668
0.685004	0.0922334	0.00577295
0.684668	0.0834806	0.00230549
0.704023	0.0803131	-0.00744695
0.684707	0.0925208	-0.00423489
0.691155	0.0889979	0.0119355
0.681567	0.0857978	-0.00818651
0.697911	0.0700246	0.0100573
0.68404	0.107548	-0.00433428
0.715629	0.0924169	0.00893127
0.694623	0.0879442	-0.00841512
0.706722	0.0827495	0.00544434
0.686592	0.0677051	-0.0113352
0.700499	0.0870043	0.00967929
0.710512	0.0880677	-0.0064308
0.697188	0.0823164	-0.000830076
0.696252	0.0838934	0.0153411
0.68895	0.0958094	0.0037066
0.693168	0.0754473	-0.00432144
0.674076	0.0828232	0.0098755
0.690523	0.100454	-0.00298232
0.693727	0.0904014	0.021087
0.703929	0.0676092	0.0068911
0.700165	0.0792839	-0.00311828
0.703626	0.0869325	-0.0135017
0.68628	0.0799384	0.00187939
0.699584	0.0974877	0.00548597
0.695199	0.0850479	0.0057901
0.670013	0.0941965	0.00214693
0.691594	0.081611	-0.0118754
0.681085	0.0926043	0.0140031
0.710891	0.0872662	-0.00791377
0.691082	0.0780144	-0.00416353
0.698123	0.0966293	-0.00199422
0.678157	0.0814815	0.00506792
0.695503	0.0979792	-0.00706061
0.692326	0.0699103	-3.22418e-05
0.692677	0.0992011	0.0177416
0.708945	0.0820832	-0.00218087
0.698477	0.0957355	0.00906678
0.713904	0.0777248	0.00120829
0.690089	0.0995489	0.00577849
0.709225	0.100257	0.00875744
0.68303	0.0820169	-0.0144301
0.691139	0.094189	0.000981936
0.689857	0.0851021	0.021169
0.688447	0.0951344	-0.0102274
0.694212	0.0825433	-0.00214841
0.688825	0.0875039	-0.00751731
0.68989	0.0796381	-0.00159902
0.705805	0.0825964	0.00763869
0.692439	0.0899512	-0.00528987
0.686242	0.0780783	-0.0006027
0.678381	0.0918611	0.0277742
0.681501	0.0726474	0.000247561
0.695647	0.0945469	0.00768953
0.691871	0.0853967	-0.00222258
0.70712	0.092801	-0.00964038
0.688653	0.0811264	-0.00679392
0.680584	0.0811999	-0.0142575
0.686555	0.079163	-0.000935224
0.709825	0.0864566	0.00124663
0.704996	0.0831059	-0.00446734
0.684667	0.0828748	0.00697021
0.693124	0.0952569	-0.00069635
0.685921	0.0691251	-0.00414044
0.682683	0.0947609	0.014852
0.685081	0.0993314	0.0161643
0.689347	0.0944629	-0.00642059
0.704302	0.0862031	-0.00848579
0.68491	0.117323	0.00339672
0.697707	0.0807028	-0.0041603
0.679552	0.118719	-0.006848
0.708666	0.0819697	-0.00782301
0.703166	0.0835246	0.00814119
0.693941	0.088708	0.000598237
0.704054	0.0683904	0.0101699
0.672263	0.0977962	-0.00503996
0.699261	0.0931916	-0.00563385
0.680823	0.072005	-0.00872874
0.680744	0.0984117	0.00994923
0.685051	0.0936564	-0.0119554
0.692118	0.0949649	0.00363226
0.68677	0.0889169	0.00957051
0.710137	0.0919677	-0.000647332
0.690007	0.0898285	-0.000932582
0.704418	0.0956498	-0.0121228
0.68231	0.0790133	0.000178697
0.696776	0.106257	-0.00798253
0.687691	0.102102	0.00237591
0.696919	0.0740039	0.00102549
0.699367	0.0729423	0.0014433
0.688536	0.0862198	0.00804041
0.706355	0.0834041	0.01333
0.69006	0.0746309	0.00582574
0.68193	0.0906042	0.00322703
0.698617	0.0681277	-0.00345775
0.709006	0.087607	-0.0133021
0.697393	0.0879864	-0.00307209
0.677093	0.0819795	-0.00396959
0.677101	0.0970288	0.00579246
0.701723	0.0876517	0.00690192
0.714343	0.0834276	0.00843986
0.673292	0.0818677	-0.016303
0.689797	0.0867833	0.00249608
0.686078	0.0716098	0.012559
0.680225	0.0991288	0.0076089
0.703715	0.083955	0.0167181
0.713399	0.0811011	0.0100002
0.707186	0.0845275	0.00333078
0.694607	0.0824772	0.00552298
0.681756	0.082658	-0.00824744
0.702508	0.098507	-0.00350895
0.690348	0.0920387	0.00570478
0.690002	0.0956508	0.00933197
0.699913	0.0893019	-0.00310603
0.667157	0.0844764	-0.00362067
0.697381	0.0926376	-0.00964849
0.701147	0.0857424	-0.00127051
0.698921	0.0892706	0.00287152
0.693688	0.100461	0.0117299
0.68142	0.0970295	-0.008183
0.700053	0.0783607	0.00878487
0.684288	0.104102	0.00104479
0.673931	0.0902696	0.00263338
0.68308	0.0940171	-0.0142717
0.696033	0.088133	0.0110503
0.71276	0.0774944	-0.00498744
0.71035	0.094806	-0.00235878
0.687583	0.08405	-0.0138099
0.701869	0.0840288	-0.0189594
0.69528	0.100664	0.00380426
0.679884	0.0764109	-0.000629207
0.688423	0.0966258	-0.00590028
0.693499	0.0826282	0.004133
0.680378	0.0952459	0.00436505
0.705913	0.0882779	0.00332571
0.669226	0.113891	0.00362238
0.701358	0.0967092	0.0106629
0.711347	0.0908991	6.97015e-05
0.690182	0.0929228	-0.000133986
0.701785	0.0888424	0.00390374
0.690808	0.0854102	0.00652211
0.703024	0.0744584	-1.00643e-05
0.674457	0.116148	-0.00407147
0.706034	0.0878363	-0.000110524
0.691934	0.0894214	0.00760014
0.698491	0.0952947	0.0228178
0.681667	0.0965944	0.0110204
0.692084	0.109715	0.0147034
0.69835	0.0713247	0.0016149
0.694143	0.0960309	-0.00748419
0.709614	0.0901971	0.0205013
0.680886	0.0861286	-0.000181918
0.679045	0.0870072	-0.00169429
0.684221	0.0719228	0.00676937
0.698696	0.0842004	-0.0106276
0.691299	0.0959497	-0.0111305
0.700461	0.0667	-0.0161901
0.683771	0.0843337	-0.019395
0.689816	0.0801872	-0.0233646
0.687591	0.0803036	0.00667713
0.691518	0.0888095	0.00523754
