0
0
0
0
0
0
0
0
0
0
0
0
0
0
0
0
0
0
0
0
0
0
0
0
0
0
0
0
0
0
0
0
0
0
0
0
0
0
0
0
0
0
0
0
0
0
0
0
0
0
0
0
0
0
0
0
0
0
0
0
0
0
0
0
0
0
0
0
0
0
0
0
0
0
0
0
0
0
0
0
0
0
0
0
0
0
0
0
0
0
0
0
0
0
0
0
0
0
0
0
0
0
0
0
0
0
0
0
0
0
0
0
0
0
0
0
0
0
0
0
0
0
0
0
0
0
0
0
0
0
0
0
0
0
0
0
0
0
0
0
0
0
0
0
0
0
0
0
0
0
0
0
0
0
0
0
0
0
0
0
0
0
0
0
0
0
0
0
0
0
0
0
0
0
0
0
0
0
0
0
0
0
0
0
0
0
0
0
0
0
0
0
0
0
0
0
0
0
0
0
0
0
0
0
0
0
0
0
0
0
0
0
0
0
0
0
0
0
0
0
0
0
0
0
0
0
0
0
0
0
0
0
0
0
0
0
0
0
7.68891e-21
8.47294e-21
0
2.63862e-20
4.72893e-20
2.37762e-19
3.1304e-19
3.17276e-19
3.71077e-19
1.10823e-18
9.32939e-19
9.66937e-19
8.67284e-19
1.11401e-18
2.82763e-18
1.28805e-18
3.73719e-18
2.32045e-18
2.01133e-18
8.4625e-19
2.59217e-18
1.76731e-18
4.02114e-18
2.50145e-18
3.76849e-19
1.63779e-19
9.17291e-20
3.36151e-20
8.40346e-20
3.56984e-20
8.53013e-21
0
0
0
0
0
0
0
0
0
0
0
0
0
0
0
0
0
0
0
0
0
0
0
0
0
0
0
0
0
0
0
0
0
0
0
0
0
0
0
0
0
0
0
0
0
0
0
0
0
0
0
0
0
0
0
0
0
0
0
0
0
0
0
0
0
0
0
0
0
0
0
0
0
0
0
0
0
0
0
0
0
0
0
0
0
0
0
0
0
0
0
0
0
0
0
0
0
0
0
0
0
1.29054e-20
3.74074e-20
8.0996e-20
3.40492e-19
1.1961e-19
7.72157e-20
2.63961e-20
9.13465e-21
3.14733e-20
6.80977e-20
2.78722e-20
1.42743e-20
2.44459e-20
1.62426e-20
0
0
0
0
0
0
0
0
0
