0.692509	0.0893016	0.00152871
0.697259	0.0929438	0.00756064
0.696443	0.0806931	-0.00388303
0.69711	0.0826306	-0.0177348
0.680294	0.0939429	0.00725421
0.69816	0.0947748	-0.011718
0.689054	0.0557741	-0.00137515
0.684475	0.0736366	-0.0014066
0.695364	0.0816099	-0.00544957
0.72033	0.0851705	-0.0185513
0.692137	0.0765762	-0.000480328
0.681958	0.0890431	0.013788
0.673216	0.0872947	-0.0181353
0.702148	0.0752502	-0.0119013
0.716465	0.0898909	-0.0083999
0.680577	0.105449	0.0123983
0.682945	0.100124	-0.00203567
0.695468	0.0619694	0.0108304
0.704791	0.0885821	-0.0101345
0.689556	0.0817289	-0.00210799
0.693524	0.0854032	0.00884432
0.687269	0.0762093	0.000844214
0.686979	0.0864965	0.0100627
0.683365	0.0811259	-0.00330455
0.675224	0.103271	-0.00368033
0.673102	0.091484	-0.0138384
0.696939	0.110508	0.0174253
0.71108	0.0837611	-0.00668396
0.679304	0.0969468	0.0162463
0.700637	0.0923387	-0.00125984
0.694684	0.0918582	-0.0117705
0.680286	0.0894668	0.0114823
0.685348	0.0816557	-0.0167927
0.694088	0.0891545	-0.00778223
0.696921	0.0838636	-0.00116871
0.696619	0.0999678	-0.013089
0.69291	0.102354	-0.00174616
0.680225	0.0842369	-0.00735237
0.691939	0.0738477	0.0134712
0.695727	0.0681602	0.00986409
0.696206	0.0849096	0.00661597
0.714482	0.0928974	-0.000699923
0.691789	0.0854801	9.34039e-05
0.697178	0.0796563	0.00131481
0.694649	0.0946698	0.0143034
0.692233	0.0828097	-0.00453832
0.695301	0.0940919	-0.0188431
0.712252	0.0836592	0.00470145
0.69862	0.0935465	0.00904721
0.688036	0.0909842	0.00172182
0.702799	0.0831154	-0.00545198
0.694555	0.0754786	0.013506
0.690709	0.0718091	-0.00605082
0.696682	0.0829755	0.00866142
0.698768	0.0813169	0.007522
0.69748	0.0871484	-0.0176401
0.705451	0.0808455	-0.0098984
0.691498	0.0916069	0.00105485
0.689731	0.0855016	-0.0234028
0.697951	0.083143	0.0043905
0.68746	0.0748753	0.0131071
0.697646	0.0881139	0.000533392
0.694134	0.101894	-0.00103765
0.699772	0.072718	-0.00601131
0.687776	0.0981582	0.0104546
0.689973	0.0838859	0.00430645
0.709794	0.0829335	0.0180102
0.688799	0.104822	-0.00193795
0.701069	0.0677999	-0.0148056
0.681688	0.0953541	0.0103594
0.722189	0.0921124	0.00314969
0.703424	0.0833601	0.00286412
0.709218	0.0796275	0.00866477
0.705566	0.0875484	-0.00594117
0.690206	0.0874877	-0.00712727
0.69122	0.086185	0.00340268
0.70102	0.113635	-0.00449859
0.67768	0.0927861	-0.012053
0.685374	0.0915825	0.00568975
0.699764	0.0769805	4.23506e-05
0.695311	0.0894978	-0.0112546
0.698981	0.0839686	0.0106719
0.703032	0.112209	0.00249348
0.689613	0.0944779	0.00481532
0.693101	0.102164	-0.0120835
0.69963	0.0763491	0.0121672
0.693499	0.0772679	-0.00823877
0.722331	0.0734927	-0.00634275
0.693494	0.0761713	0.00431561
0.668155	0.0911037	0.00928306
0.704644	0.0923134	-0.0139285
0.678266	0.0698044	0.0147511
0.701961	0.101099	0.0163048
0.704947	0.0867286	0.0198408
0.699236	0.0856306	0.00511987
0.688496	0.0695922	0.000964077
0.698268	0.0933873	-0.00703905
0.707288	0.0917896	-0.0200747
0.679937	0.0867788	-0.0113493
0.684074	0.0887651	-0.00448505
0.687171	0.0753651	-0.00590279
0.697562	0.102103	0.0105023
0.687571	0.0925208	0.00034611
0.685796	0.0800008	-0.00751949
0.698335	0.0948461	-0.0051698
0.700612	0.0976325	0.00739712
0.709102	0.0996517	0.0114779
0.705633	0.0789862	0.0124804
0.708551	0.0735804	0.00491957
0.705013	0.0936958	0.00399267
0.702213	0.0933193	0.00335467
0.693431	0.0791912	-0.00240009
0.682749	0.0829452	0.00206634
0.686929	0.0865664	0.00536385
0.708741	0.0809657	-0.0138306
0.689908	0.0801754	0.0130762
0.711708	0.089385	-0.0033884
0.68595	0.0966339	0.0181757
0.712308	0.0906591	-0.0123668
0.691391	0.0999744	-0.0181074
0.708637	0.0862764	0.0158718
0.696371	0.0872129	-0.000619632
0.700722	0.0977359	0.00459832
0.678231	0.0971472	-0.00551432
0.695542	0.105461	0.000307129
0.709143	0.0866287	-0.00742655
0.703702	0.0910708	-0.00361817
0.699031	0.0943057	0.0014108
0.70017	0.0899802	0.0117051
0.699002	0.0884215	0.0066459
0.697487	0.0792782	-7.81679e-06
0.691609	0.0696661	0.0212726
0.684225	0.0917077	-0.0128741
0.693918	0.0917339	0.00368306
0.701901	0.0775883	0.0120074
0.694835	0.0956076	0.00877376
0.672328	0.0886416	0.00393154
0.679014	0.0857119	0.00130054
0.696115	0.0886984	0.00797601
0.69854	0.097162	0.0096762
0.681671	0.0856005	-0.00916305
0.6894	0.0847579	-0.0028276
0.704204	0.0956338	0.00885745
0.703375	0.0806342	-0.0065429
0.685877	0.0849621	0.000981836
0.709923	0.098442	-0.0112444
0.699909	0.080561	-0.0160478
0.692681	0.0798746	-0.00214473
0.70666	0.0753353	-0.00275694
0.70827	0.0865587	0.00651799
0.695859	0.0972861	-0.00159367
0.693592	0.096256	0.00991124
0.696979	0.0909682	0.000617301
0.69955	0.0780402	0.00699048
0.692448	0.0701408	-0.00389932
0.695579	0.0956289	-0.016548
0.714327	0.103548	0.00601343
0.704176	0.0817803	-0.00491813
0.710733	0.0814853	0.00770563
0.712774	0.102528	0.0133771
0.692456	0.0980053	0.00718565
0.699796	0.0935528	0.0226485
0.698811	0.073765	-0.0124792
0.698929	0.0852755	-0.0077153
0.696183	0.0843973	0.00101994
0.686044	0.069427	0.00608491
0.686928	0.0853273	-0.0135767
0.700018	0.0945483	-0.0061361
0.706068	0.0824959	-0.0126965
0.687701	0.0823402	-0.0127178
0.681927	0.0982484	0.00410695
0.685283	0.0884095	0.000179725
0.70964	0.0719618	-0.00279906
0.691287	0.0972362	0.00240974
0.693692	0.0701318	0.00148714
0.67803	0.0868183	0.00405646
0.697454	0.0847016	0.014061
0.686497	0.0815477	0.0196669
0.710757	0.0764349	0.0140417
0.691862	0.100707	0.0115042
0.693794	0.0901673	0.00662982
0.699559	0.0941419	0.00344981
0.707624	0.0687155	-0.00562251
0.678091	0.0830863	-0.0121048
0.68933	0.0925337	0.00750557
0.712864	0.06792	-0.00974937
0.706335	0.0988724	0.00743527
0.7046	0.0694286	0.0111425
0.700155	0.0899001	-0.00637448
0.696058	0.093861	-0.00167422
0.705626	0.0939204	0.03515
0.70307	0.0695516	0.00401967
0.718738	0.0789941	-0.00600912
0.711121	0.0812497	-0.0161053
0.688547	0.087454	0.0019352
0.711944	0.0748884	0.00201882
0.703779	0.0972398	-0.0141536
0.696255	0.0902188	-0.00802117
0.704292	0.082635	0.00671486
0.682795	0.0865551	-0.00875752
0.685332	0.0992152	0.00642994
0.69024	0.0996486	-0.0216879
0.688582	0.120852	-0.0101691
0.692185	0.0832182	0.0180036
0.687704	0.0948363	0.00684977
0.681049	0.0821086	0.00064575
0.683904	0.100489	0.00667565
0.696772	0.0978365	0.00240866
0.686986	0.0844909	-0.0142089
0.704067	0.102969	0.00646339
0.702727	0.0846974	-0.00230778
0.688749	0.0817156	-0.0037687
0.701949	0.0961409	-0.0117762
0.697527	0.0781725	-0.0169486
0.691022	0.0895599	0.00480621
0.688403	0.0906345	-0.0135956
0.704622	0.0871264	-0.0108491
0.696797	0.0935871	-0.0198531
0.689328	0.107044	-0.0142804
0.695878	0.0832734	0.00734706
0.687823	0.0874111	-0.00234282
0.714986	0.0949539	0.00841609
0.700942	0.087959	-0.00210292
0.704582	0.0961297	0.0190545
0.696794	0.0816392	0.000452088
0.707558	0.0947	-0.0038622
0.696908	0.109793	-0.0012327
0.697089	0.0992918	-0.0144242
0.696903	0.0876161	-0.00588964
0.691857	0.082017	0.00152547
0.69144	0.091822	-0.00304786
0.696752	0.0829635	-0.0133746
0.692484	0.09357	-0.0148554
0.695851	0.0834358	0.00136518
0.692866	0.0841414	0.0085183
0.704293	0.0964543	-0.00954159
0.698202	0.0906074	-0.000377569
0.706797	0.0871974	0.00235613
0.670842	0.0831328	0.0206589
0.697366	0.0821322	0.00596116
0.695586	0.0802916	0.00835403
0.682293	0.0846107	0.00304842
0.683493	0.0774641	-0.00655366
0.683941	0.0866743	-0.00267756
0.682616	0.0941327	0.0106022
0.695039	0.0954026	-0.010477
0.68557	0.0855289	0.00695529
0.696677	0.0943456	0.00522078
0.687687	0.0963577	0.00491242
0.680257	0.0992501	0.00552618
0.691529	0.0762194	-0.00221819
0.711184	0.0769682	0.0058974
0.679614	0.0974602	-0.00178909
0.68786	0.0702557	-0.00166779
0.691938	0.0937609	0.00308521
0.686547	0.0960237	-0.00805093
0.697949	0.084172	0.00149227
0.686449	0.087416	0.0225532
0.704479	0.0887908	0.00813137
0.706354	0.0961312	-0.0111903
0.672611	0.0773848	-0.00538144
0.700044	0.0941744	-0.00254551
0.68841	0.0879586	-0.0126252
0.693934	0.0941366	0.0112029
0.688004	0.0810359	-0.000463994
0.706948	0.098036	-0.000346747
0.673474	0.0967639	-0.0079013
0.690663	0.0914372	0.0178343
0.701584	0.110896	-0.00050939
0.691007	0.0821929	-0.00999836
0.693138	0.0860173	0.000586461
0.692301	0.0869557	-0.0281167
0.68376	0.0816038	-0.0107059
0.704214	0.0874045	-0.00213105
0.692882	0.0856669	-0.0176343
0.692633	0.0880053	-0.0178607
0.676008	0.075732	0.00679664
0.694917	0.0860304	-0.00450981
0.687273	0.0772313	-0.0089689
0.708116	0.0893823	0.0202205
0.705078	0.0944168	0.014163
0.699531	0.0849371	0.0194541
0.677914	0.0876929	-0.000151883
0.692522	0.10526	0.0136186
0.694646	0.0876505	0.00491392
0.695138	0.0943526	-0.00677179
0.683831	0.105574	-0.00216009
0.68338	0.0811741	0.00428022
0.699707	0.105411	0.000122874
0.698682	0.103151	0.00220338
0.687497	0.091673	0.00897551
0.704076	0.0962586	-0.00867017
0.690389	0.0866535	7.92615e-05
0.690979	0.092574	-0.00173884
0.71378	0.0988755	0.0157682
0.709488	0.0843356	-0.0168029
0.690223	0.0852445	-0.0151552
0.692435	0.0793503	0.00384261
0.711025	0.0900134	0.00650361
0.706894	0.0866043	0.0167016
0.694553	0.0855226	-0.000845058
0.708488	0.0966735	0.0165366
0.692823	0.0782757	0.00406942
0.68615	0.0753231	0.0122689
0.696486	0.0925791	-0.00658202
0.708039	0.0955208	0.00899259
0.683266	0.115817	-0.00528935
0.698123	0.0843156	-0.00752606
0.694933	0.0822506	-0.0151288
0.692999	0.087825	0.0163313
0.690391	0.0844763	0.0123658
0.709859	0.0955971	-0.00380294
0.678634	0.0915751	-0.00764174
0.698177	0.0958982	-0.0114301
0.695677	0.0780272	0.00269714
0.699751	0.0949908	-0.0119023
0.696859	0.0981202	0.013575
0.698622	0.0780653	0.00385319
0.688575	0.0898578	-0.0129294
0.717377	0.0986049	0.00732992
0.69311	0.0847807	-0.0183036
0.679136	0.0936034	-0.00963195
0.680326	0.0789405	-0.00785529
0.693067	0.0843977	-0.0209314
0.681855	0.09274	-0.00135899
0.69656	0.0852333	0.00292129
0.703434	0.0820481	-0.00321804
0.705127	0.0783563	-0.00296268
0.697482	0.106719	0.0012697
0.67737	0.0822043	0.00596035
0.694116	0.0999133	-0.00155244
0.706681	0.074738	-0.00540438
0.706023	0.0935278	0.00796519
0.699737	0.0924628	0.00136905
0.696313	0.0972896	-0.0156986
0.689441	0.0894552	-0.019209
0.709278	0.071875	-0.0025033
0.708027	0.0864782	-0.0185633
0.69507	0.0852223	0.00208525
0.699194	0.0992252	-0.00455553
0.698131	0.0974667	-0.0019414
0.705806	0.0710427	-0.0101523
0.691757	0.0907115	0.000942175
0.681774	0.101798	0.00264429
0.688702	0.103661	-0.0187864
0.706833	0.10034	-0.00962926
0.687722	0.0898287	0.00279992
0.686696	0.0676634	0.00971924
0.682244	0.0761184	-0.00694893
0.714639	0.0891108	0.00487916
0.67445	0.0813835	-0.00646061
0.689753	0.0754968	0.00824215
0.722255	0.0713375	0.0127345
0.682738	0.0869672	0.00254873
0.698618	0.0704668	-0.015027
0.700959	0.0788	-0.011185
0.689713	0.0989228	0.00857803
0.705038	0.0883728	0.0192556
0.68868	0.0762349	-0.00225469
0.696675	0.0797512	-0.0036891
0.686631	0.0940526	-0.0229195
0.69812	0.0824963	-0.0138472
0.704792	0.102377	-0.00350587
0.689673	0.0833108	-0.01294
0.688369	0.0781197	0.00554244
0.701216	0.0905703	0.0111284
0.700764	0.0875739	0.00358079
0.686897	0.0961786	0.00494914
0.699245	0.1029	-0.00127714
0.700966	0.0933383	0.000887828
0.700437	0.091943	-0.00814342
0.694777	0.081084	0.00387807
0.701667	0.0960949	-0.00402526
0.697379	0.081967	-0.0107661
0.677716	0.107712	-0.00864204
0.704461	0.0840349	-0.00550148
0.691256	0.0967097	-0.0201836
0.695708	0.0951903	-0.00242843
0.697536	0.0886301	0.00144471
0.700405	0.100147	-0.00492369
0.705161	0.0890888	0.00129508
0.689889	0.0828306	-0.013385
0.702523	0.0979624	0.00941328
0.702582	0.0906018	0.000902577
0.696469	0.0929244	0.00892256
0.694942	0.0948804	0.0179323
0.698568	0.0933777	0.00178814
0.694642	0.0832841	-0.00698778
0.695756	0.0835921	0.00650546
0.707909	0.069235	-0.00418916
0.684636	0.0817749	-4.38974e-05
0.70999	0.0883547	0.00123505
0.704351	0.0863358	-0.0109593
