0
0
0
0
0
0
0
0
0
0
0
0
0
0
0
0
0
0
0
0
0
0
0
0
0
0
0
0
0
0
0
0
0
0
0
0
0
0
0
0
0
0
0
0
0
0
0
0
0
0
0
0
0
0
0
0
0
0
0
0
0
0
0
0
0
0
0
0
0
0
0
0
0
0
0
0
0
0
0
0
0
0
0
0
0
0
0
0
0
0
0
0
0
0
0
0
0
0
0
0
0
0
0
0
0
0
0
0
0
0
0
0
0
0
0
0
0
0
0
0
0
0
0
0
0
0
0
0
0
0
0
0
0
0
0
0
0
0
0
0
0
0
0
0
0
0
0
0
0
0
0
0
0
0
0
0
0
0
0
0
0
0
0
0
0
0
0
0
0
0
0
0
0
0
0
0
0
0
0
0
0
0
0
0
0
0
0
4.63844e-20
8.94162e-19
1.93404e-18
1.69302e-17
7.33047e-17
1.72918e-15
5.54659e-15
1.44411e-14
8.82793e-14
1.13484e-13
2.55434e-13
8.64783e-13
1.94166e-12
5.76807e-12
7.60122e-11
6.58975e-10
2.13889e-09
1.07413e-08
2.88802e-08
5.84825e-08
4.34211e-07
1.98491e-06
3.21528e-06
5.05849e-06
1.32338e-05
3.5607e-05
0.000125661
0.000575889
0.000461434
0.00127515
0.00160266
0.00442597
0.00822837
0.01846
0.042552
0.136428
0.203417
0.454873
0.924609
1.77587
3.44148
6.29721
6.92334
12.2875
24.6686
29.2129
38.3949
65.1666
72.3582
98.4858
128.255
158.171
185.256
274.886
379.305
435.365
566.773
701.295
783.259
951.598
1069.15
1341.76
1544.88
1536.9
1525.49
1399.68
1383.11
1112.87
949.173
718.824
566.325
470.438
296.861
255.573
171.954
126.444
81.7829
54.1692
26.96
14.5839
11.3583
8.93457
4.84181
4.11632
4.23022
5.3121
6.65431
7.30788
10.436
14.9675
13.4651
11.6444
12.8527
12.5258
15.0852
19.9321
15.743
17.8618
20.677
24.0883
23.1325
25.9169
28.2172
32.8192
34.6336
38.1265
32.9163
39.5561
49.9341
66.4983
69.329
97.4675
101.747
123.718
134.594
139.819
168.486
203.364
251.284
313.076
265.647
311.474
274.229
334.712
345.414
309.749
297.931
210.561
175.552
156.925
129.099
93.5131
77.7586
69.8164
58.4303
57.2826
52.0781
46.224
54.6656
79.8574
105.372
130.579
168.068
250.035
321.682
393.008
479.997
641.037
713.056
682.596
745.958
697.385
737.852
802.818
696.091
624.271
539.98
608.848
525.672
426.978
403.943
381.423
300.417
306.282
248.487
229.419
236.22
182.853
144.28
120.111
151.883
131.936
136.26
131.903
128.37
97.6254
128.737
113.762
81.7632
87.3081
90.1574
131.079
174.649
218.818
330.648
474.29
597.109
711.64
881.263
1043.22
1175.97
1257.24
1285.08
1264.88
1320.71
1242.9
1218.46
1204.33
1147.86
1037.34
1021.57
894.489
701.807
583.81
483.928
433.321
